>RTGASTCABN	1-RTGASTCABN	6.481049	-3231.408340	0	T:3344.0(15.32%),B:754.9(2.71%),P:1e-1403	Tpos:99.8,Tstd:54.1,Bpos:100.4,Bstd:56.1,StrandBias:-0.0,Multiplicity:1.15
0.364	0.169	0.323	0.144
0.048	0.056	0.026	0.870
0.061	0.093	0.656	0.190
0.770	0.102	0.079	0.049
0.142	0.405	0.300	0.153
0.096	0.021	0.030	0.853
0.272	0.549	0.083	0.096
0.795	0.038	0.082	0.085
0.111	0.302	0.259	0.328
0.206	0.325	0.208	0.262
>TGAVTCAKNN	2-TGAVTCAKNN	6.733701	-2572.949081	0	T:4390.0(20.12%),B:1622.4(5.83%),P:1e-1117	Tpos:99.2,Tstd:57.3,Bpos:99.0,Bstd:59.6,StrandBias:-0.1,Multiplicity:1.08
0.001	0.001	0.001	0.997
0.006	0.107	0.631	0.256
0.923	0.075	0.001	0.001
0.249	0.255	0.354	0.142
0.051	0.016	0.001	0.932
0.349	0.649	0.001	0.001
0.990	0.001	0.001	0.008
0.139	0.213	0.268	0.380
0.279	0.287	0.230	0.204
0.211	0.323	0.256	0.211
>GCCCCGCCCH	3-GCCCCGCCCH	6.896995	-649.674496	0	T:6396.0(29.31%),B:5337.2(19.19%),P:1e-282	Tpos:99.2,Tstd:55.2,Bpos:93.7,Bstd:56.0,StrandBias:-0.0,Multiplicity:1.47
0.050	0.001	0.871	0.078
0.012	0.830	0.001	0.157
0.207	0.658	0.001	0.134
0.131	0.867	0.001	0.001
0.001	0.997	0.001	0.001
0.115	0.001	0.826	0.058
0.001	0.997	0.001	0.001
0.001	0.997	0.001	0.001
0.001	0.892	0.001	0.106
0.252	0.356	0.001	0.392
>GCCAATCAGR	4-GCCAATCAGR	6.865629	-558.982829	0	T:2533.0(11.61%),B:1585.0(5.70%),P:1e-242	Tpos:99.4,Tstd:56.0,Bpos:91.1,Bstd:58.7,StrandBias:-0.1,Multiplicity:1.27
0.287	0.094	0.551	0.068
0.001	0.990	0.001	0.008
0.016	0.974	0.009	0.001
0.997	0.001	0.001	0.001
0.933	0.014	0.052	0.001
0.122	0.025	0.001	0.852
0.255	0.480	0.245	0.020
0.545	0.168	0.281	0.006
0.210	0.231	0.417	0.141
0.357	0.193	0.316	0.134
>GGGAGTGACT	5-GGGAGTGACT	4.774854	-556.317944	0	T:7675.0(35.17%),B:6968.6(25.05%),P:1e-241	Tpos:99.6,Tstd:55.2,Bpos:99.4,Bstd:57.6,StrandBias:0.1,Multiplicity:1.17
0.104	0.101	0.690	0.105
0.103	0.074	0.719	0.104
0.129	0.106	0.695	0.070
0.677	0.107	0.091	0.125
0.111	0.098	0.703	0.088
0.099	0.094	0.092	0.715
0.095	0.101	0.704	0.100
0.681	0.102	0.116	0.101
0.089	0.706	0.101	0.104
0.107	0.094	0.089	0.710
>NRTTRCGCAA	6-NRTTRCGCAA	6.928537	-330.087205	0	T:1616.0(7.40%),B:1032.9(3.71%),P:1e-143	Tpos:102.2,Tstd:55.7,Bpos:100.4,Bstd:58.6,StrandBias:0.0,Multiplicity:1.09
0.188	0.203	0.313	0.297
0.470	0.199	0.330	0.001
0.001	0.001	0.001	0.997
0.001	0.001	0.001	0.997
0.359	0.001	0.484	0.156
0.031	0.514	0.229	0.226
0.228	0.157	0.517	0.098
0.266	0.473	0.001	0.259
0.975	0.023	0.001	0.001
0.997	0.001	0.001	0.001
>ATATGACGCA	7-ATATGACGCA	5.823414	-319.418791	0	T:1171.0(5.37%),B:657.7(2.36%),P:1e-138	Tpos:100.7,Tstd:55.8,Bpos:101.4,Bstd:58.3,StrandBias:0.1,Multiplicity:1.02
0.605	0.127	0.143	0.125
0.186	0.193	0.198	0.423
0.548	0.165	0.187	0.100
0.109	0.132	0.158	0.601
0.083	0.116	0.675	0.126
0.719	0.183	0.039	0.059
0.136	0.590	0.134	0.140
0.157	0.143	0.561	0.139
0.087	0.665	0.128	0.120
0.591	0.155	0.105	0.149
>HTTCCNGGMA	8-HTTCCNGGMA	5.593926	-229.353269	0	T:6409.0(29.37%),B:6435.3(23.13%),P:1e-99	Tpos:100.9,Tstd:54.8,Bpos:99.8,Bstd:59.3,StrandBias:-0.0,Multiplicity:1.17
0.282	0.221	0.167	0.331
0.005	0.233	0.113	0.649
0.216	0.020	0.030	0.734
0.001	0.882	0.068	0.049
0.002	0.728	0.001	0.269
0.227	0.302	0.260	0.211
0.159	0.001	0.778	0.062
0.182	0.109	0.520	0.189
0.363	0.288	0.213	0.137
0.644	0.050	0.287	0.019
>AGGAATGCCG	9-AGGAATGCCG	4.893869	-216.665741	0	T:7972.0(36.53%),B:8348.9(30.01%),P:1e-94	Tpos:98.8,Tstd:55.7,Bpos:102.2,Bstd:58.9,StrandBias:-0.0,Multiplicity:1.20
0.713	0.072	0.091	0.124
0.115	0.072	0.737	0.076
0.095	0.090	0.725	0.090
0.746	0.091	0.106	0.057
0.707	0.116	0.095	0.082
0.132	0.103	0.113	0.652
0.075	0.098	0.720	0.107
0.070	0.703	0.110	0.117
0.124	0.636	0.112	0.128
0.129	0.113	0.662	0.096
>TTGCCATAGG	10-TTGCCATAGG	4.994053	-193.129137	0	T:5317.0(24.36%),B:5292.0(19.02%),P:1e-83	Tpos:102.5,Tstd:56.2,Bpos:100.6,Bstd:56.6,StrandBias:-0.0,Multiplicity:1.14
0.114	0.115	0.099	0.672
0.109	0.078	0.106	0.707
0.074	0.093	0.719	0.114
0.075	0.738	0.103	0.084
0.095	0.748	0.070	0.087
0.680	0.117	0.080	0.123
0.119	0.136	0.126	0.619
0.698	0.091	0.109	0.102
0.104	0.087	0.718	0.091
0.098	0.114	0.701	0.087
>GCGTTGTTTA	11-GCGTTGTTTA	7.493005	-155.116126	0	T:804.0(3.68%),B:522.2(1.88%),P:1e-67	Tpos:100.3,Tstd:55.4,Bpos:95.4,Bstd:58.7,StrandBias:-0.1,Multiplicity:1.04
0.001	0.001	0.879	0.119
0.181	0.546	0.137	0.136
0.152	0.010	0.614	0.224
0.083	0.182	0.114	0.621
0.001	0.001	0.035	0.963
0.005	0.093	0.777	0.125
0.001	0.136	0.001	0.862
0.001	0.013	0.006	0.980
0.001	0.008	0.008	0.983
0.774	0.039	0.060	0.127
>GGGAHTTGTA	12-GGGAHTTGTA	7.338536	-133.533032	0	T:1165.0(5.34%),B:899.9(3.23%),P:1e-57	Tpos:105.3,Tstd:55.4,Bpos:95.9,Bstd:56.6,StrandBias:-0.2,Multiplicity:1.03
0.001	0.001	0.997	0.001
0.142	0.001	0.793	0.064
0.138	0.001	0.819	0.042
0.699	0.001	0.299	0.001
0.229	0.349	0.127	0.294
0.194	0.131	0.247	0.428
0.060	0.213	0.188	0.539
0.001	0.136	0.862	0.001
0.001	0.001	0.034	0.964
0.668	0.001	0.127	0.204
>TTGCRACACC	13-TTGCRACACC	8.077701	-127.048915	0	T:535.0(2.45%),B:319.4(1.15%),P:1e-55	Tpos:102.4,Tstd:54.1,Bpos:94.1,Bstd:57.9,StrandBias:-0.0,Multiplicity:1.03
0.001	0.052	0.001	0.946
0.100	0.006	0.053	0.841
0.107	0.067	0.703	0.123
0.001	0.997	0.001	0.001
0.417	0.105	0.343	0.135
0.823	0.001	0.001	0.175
0.001	0.997	0.001	0.001
0.993	0.001	0.005	0.001
0.001	0.756	0.001	0.242
0.207	0.494	0.088	0.211
>CGCATGCGCR	14-CGCATGCGCR	8.436709	-118.641241	0	T:850.0(3.89%),B:618.2(2.22%),P:1e-51	Tpos:100.6,Tstd:56.3,Bpos:94.3,Bstd:59.1,StrandBias:-0.1,Multiplicity:1.15
0.021	0.895	0.083	0.001
0.044	0.128	0.689	0.139
0.001	0.997	0.001	0.001
0.632	0.059	0.110	0.199
0.052	0.032	0.091	0.825
0.001	0.001	0.997	0.001
0.001	0.957	0.041	0.001
0.001	0.001	0.997	0.001
0.075	0.678	0.114	0.133
0.447	0.190	0.335	0.027
>TACCCTAGGG	15-TACCCTAGGG	5.116385	-117.597522	0	T:3240.0(14.85%),B:3188.2(11.46%),P:1e-51	Tpos:101.2,Tstd:56.1,Bpos:96.8,Bstd:55.5,StrandBias:0.1,Multiplicity:1.05
0.109	0.113	0.124	0.654
0.645	0.108	0.125	0.122
0.106	0.704	0.096	0.094
0.100	0.730	0.079	0.091
0.063	0.740	0.093	0.104
0.117	0.122	0.098	0.663
0.699	0.099	0.114	0.088
0.086	0.091	0.735	0.088
0.100	0.092	0.714	0.094
0.083	0.107	0.715	0.095
>ACTTCCGCTC	16-ACTTCCGCTC	9.053407	-116.437612	0	T:390.0(1.79%),B:209.0(0.75%),P:1e-50	Tpos:99.5,Tstd:57.3,Bpos:96.5,Bstd:58.3,StrandBias:0.2,Multiplicity:1.03
0.997	0.001	0.001	0.001
0.003	0.964	0.032	0.001
0.024	0.080	0.067	0.829
0.001	0.028	0.001	0.970
0.041	0.872	0.067	0.020
0.001	0.956	0.015	0.028
0.001	0.055	0.916	0.028
0.001	0.830	0.137	0.032
0.029	0.093	0.044	0.834
0.010	0.870	0.044	0.076
>CTGVCHCAGA	17-CTGVCHCAGA	6.428653	-113.906608	0	T:1575.0(7.22%),B:1363.8(4.90%),P:1e-49	Tpos:99.1,Tstd:55.7,Bpos:100.1,Bstd:56.9,StrandBias:0.1,Multiplicity:1.03
0.022	0.716	0.011	0.251
0.015	0.016	0.369	0.600
0.159	0.059	0.524	0.258
0.323	0.200	0.322	0.155
0.190	0.627	0.014	0.169
0.259	0.231	0.147	0.362
0.120	0.602	0.253	0.025
0.591	0.019	0.208	0.182
0.212	0.026	0.753	0.009
0.578	0.197	0.015	0.210
>CCGCTATGAA	18-CCGCTATGAA	10.635701	-109.102445	0	T:37.0(0.17%),B:1.6(0.01%),P:1e-47	Tpos:86.4,Tstd:49.1,Bpos:122.8,Bstd:59.0,StrandBias:-1.6,Multiplicity:1.00
0.177	0.645	0.001	0.177
0.001	0.821	0.177	0.001
0.001	0.001	0.997	0.001
0.001	0.997	0.001	0.001
0.001	0.001	0.001	0.997
0.842	0.156	0.001	0.001
0.001	0.001	0.001	0.997
0.001	0.001	0.997	0.001
0.821	0.001	0.001	0.177
0.888	0.001	0.001	0.110
>GTGACGTCAK	19-GTGACGTCAK	7.217600	-99.166852	0	T:607.0(2.78%),B:419.3(1.51%),P:1e-43	Tpos:102.4,Tstd:54.7,Bpos:96.6,Bstd:57.0,StrandBias:0.1,Multiplicity:1.02
0.007	0.275	0.707	0.011
0.170	0.124	0.171	0.535
0.025	0.151	0.727	0.097
0.669	0.018	0.245	0.068
0.136	0.425	0.215	0.224
0.153	0.217	0.448	0.183
0.221	0.011	0.014	0.754
0.126	0.739	0.114	0.021
0.773	0.184	0.016	0.027
0.260	0.010	0.294	0.436
>TTGTGGTTCG	20-TTGTGGTTCG	11.085024	-90.623643	0	T:39.0(0.18%),B:2.3(0.01%),P:1e-39	Tpos:110.9,Tstd:58.0,Bpos:111.9,Bstd:19.3,StrandBias:1.3,Multiplicity:1.00
0.001	0.001	0.001	0.997
0.001	0.301	0.001	0.697
0.001	0.001	0.997	0.001
0.001	0.108	0.001	0.890
0.108	0.001	0.890	0.001
0.301	0.001	0.697	0.001
0.001	0.001	0.001	0.997
0.001	0.001	0.001	0.997
0.001	0.834	0.001	0.164
0.001	0.001	0.997	0.001
>CGATCGGASC	21-CGATCGGASC	10.264726	-53.684228	0	T:43.0(0.20%),B:7.1(0.03%),P:1e-23	Tpos:86.6,Tstd:56.2,Bpos:93.4,Bstd:80.8,StrandBias:1.0,Multiplicity:1.00
0.001	0.997	0.001	0.001
0.001	0.001	0.997	0.001
0.997	0.001	0.001	0.001
0.001	0.088	0.001	0.910
0.001	0.997	0.001	0.001
0.001	0.001	0.721	0.277
0.001	0.001	0.997	0.001
0.997	0.001	0.001	0.001
0.054	0.427	0.518	0.001
0.001	0.848	0.150	0.001
>TTACGCGCAA	22-TTACGCGCAA	6.162798	-52.539957	0	T:64.0(0.29%),B:17.7(0.06%),P:1e-22	Tpos:104.5,Tstd:50.3,Bpos:111.5,Bstd:57.2,StrandBias:0.3,Multiplicity:1.00
0.123	0.141	0.148	0.588
0.166	0.147	0.143	0.544
0.690	0.125	0.049	0.136
0.138	0.593	0.148	0.121
0.141	0.118	0.593	0.148
0.147	0.593	0.124	0.136
0.145	0.133	0.597	0.125
0.130	0.670	0.155	0.045
0.554	0.150	0.152	0.144
0.578	0.149	0.157	0.116
>TTGGCGCTGC	23-TTGGCGCTGC	10.054019	-48.019085	0	T:32.0(0.15%),B:4.1(0.01%),P:1e-20	Tpos:76.9,Tstd:59.3,Bpos:42.0,Bstd:0.0,StrandBias:0.4,Multiplicity:1.00
0.001	0.001	0.001	0.997
0.001	0.001	0.001	0.997
0.024	0.001	0.974	0.001
0.001	0.001	0.953	0.045
0.001	0.997	0.001	0.001
0.001	0.001	0.997	0.001
0.001	0.997	0.001	0.001
0.001	0.001	0.001	0.997
0.008	0.001	0.990	0.001
0.001	0.997	0.001	0.001
>AAAGGCTCCT	24-AAAGGCTCCT	10.296193	-46.613111	0	T:37.0(0.17%),B:6.9(0.02%),P:1e-20	Tpos:80.9,Tstd:54.4,Bpos:134.8,Bstd:33.6,StrandBias:0.3,Multiplicity:1.00
0.700	0.100	0.100	0.100
0.700	0.100	0.100	0.100
0.700	0.100	0.100	0.100
0.100	0.100	0.700	0.100
0.100	0.100	0.700	0.100
0.100	0.700	0.100	0.100
0.100	0.100	0.100	0.700
0.100	0.700	0.100	0.100
0.100	0.700	0.100	0.100
0.100	0.100	0.100	0.700
>TGCTGGTTCT	25-TGCTGGTTCT	11.795681	-45.695062	0	T:48.0(0.22%),B:11.7(0.04%),P:1e-19	Tpos:93.8,Tstd:52.4,Bpos:54.7,Bstd:51.6,StrandBias:-0.8,Multiplicity:1.00
0.001	0.001	0.001	0.997
0.001	0.001	0.997	0.001
0.001	0.997	0.001	0.001
0.001	0.001	0.001	0.997
0.001	0.001	0.997	0.001
0.001	0.001	0.997	0.001
0.001	0.001	0.001	0.997
0.130	0.001	0.001	0.868
0.001	0.997	0.001	0.001
0.001	0.001	0.001	0.997
>NVTGASTCABMV	1-NVTGASTCABMV	6.695486	-3039.660894	0	T:3183.0(14.58%),B:725.4(2.61%),P:1e-1320	Tpos:99.7,Tstd:53.7,Bpos:100.7,Bstd:55.5,StrandBias:-0.0,Multiplicity:1.14
0.288	0.175	0.301	0.236
0.333	0.286	0.370	0.010
0.003	0.004	0.006	0.987
0.001	0.001	0.984	0.014
0.972	0.007	0.009	0.012
0.028	0.463	0.457	0.052
0.007	0.004	0.010	0.979
0.021	0.971	0.004	0.004
0.969	0.019	0.002	0.010
0.027	0.335	0.288	0.349
0.245	0.371	0.203	0.181
0.205	0.351	0.245	0.199
>BCTGATTGGCYG	2-BCTGATTGGCYG	7.560604	-564.184285	0	T:1845.0(8.45%),B:986.3(3.55%),P:1e-245	Tpos:99.7,Tstd:54.9,Bpos:86.5,Bstd:57.2,StrandBias:0.1,Multiplicity:1.23
0.102	0.311	0.249	0.338
0.055	0.516	0.259	0.170
0.012	0.312	0.157	0.519
0.056	0.314	0.513	0.117
0.948	0.001	0.027	0.024
0.001	0.003	0.001	0.995
0.017	0.001	0.001	0.981
0.012	0.005	0.950	0.033
0.032	0.003	0.959	0.006
0.099	0.582	0.075	0.244
0.098	0.329	0.112	0.462
0.250	0.159	0.457	0.134
>GGGGCGGGGCHN	3-GGGGCGGGGCHN	7.370590	-549.941059	0	T:5897.0(27.02%),B:4995.0(17.96%),P:1e-238	Tpos:99.5,Tstd:54.4,Bpos:95.0,Bstd:55.4,StrandBias:0.0,Multiplicity:1.36
0.273	0.081	0.450	0.196
0.163	0.001	0.835	0.001
0.001	0.001	0.997	0.001
0.001	0.001	0.997	0.001
0.077	0.577	0.001	0.345
0.001	0.001	0.997	0.001
0.001	0.001	0.816	0.182
0.275	0.001	0.723	0.001
0.163	0.001	0.835	0.001
0.060	0.938	0.001	0.001
0.194	0.312	0.168	0.327
0.270	0.208	0.268	0.253
>NNDRTGACTAAK	4-NNDRTGACTAAK	8.166711	-456.575441	0	T:771.0(3.53%),B:266.8(0.96%),P:1e-198	Tpos:99.7,Tstd:53.2,Bpos:108.3,Bstd:53.6,StrandBias:0.2,Multiplicity:1.02
0.331	0.215	0.256	0.198
0.237	0.217	0.313	0.233
0.284	0.097	0.361	0.258
0.447	0.118	0.434	0.001
0.001	0.001	0.001	0.997
0.001	0.001	0.997	0.001
0.905	0.038	0.004	0.053
0.001	0.700	0.298	0.001
0.001	0.012	0.001	0.986
0.958	0.001	0.001	0.040
0.990	0.008	0.001	0.001
0.050	0.148	0.423	0.379
>TTACCCCGCCCT	5-TTACCCCGCCCT	7.256021	-261.336531	0	T:4074.0(18.67%),B:3671.8(13.20%),P:1e-113	Tpos:101.8,Tstd:55.9,Bpos:97.3,Bstd:56.1,StrandBias:-0.1,Multiplicity:1.10
0.098	0.132	0.063	0.707
0.093	0.165	0.172	0.570
0.546	0.169	0.133	0.152
0.041	0.830	0.086	0.043
0.035	0.844	0.044	0.077
0.046	0.828	0.037	0.089
0.110	0.685	0.054	0.151
0.089	0.077	0.729	0.105
0.026	0.844	0.076	0.054
0.034	0.851	0.042	0.073
0.023	0.868	0.042	0.067
0.081	0.139	0.079	0.701
>TGGGTGTGGCTT	6-TGGGTGTGGCTT	7.975807	-220.202698	0	T:1342.0(6.15%),B:927.9(3.34%),P:1e-95	Tpos:97.1,Tstd:52.9,Bpos:99.6,Bstd:55.1,StrandBias:0.2,Multiplicity:1.04
0.109	0.054	0.101	0.736
0.048	0.034	0.851	0.067
0.058	0.062	0.768	0.112
0.059	0.154	0.726	0.061
0.090	0.087	0.096	0.727
0.039	0.100	0.773	0.088
0.101	0.084	0.086	0.729
0.038	0.046	0.832	0.084
0.047	0.070	0.807	0.076
0.064	0.738	0.101	0.097
0.088	0.129	0.077	0.706
0.064	0.115	0.209	0.612
>NDNYTWMCGDTA	7-NDNYTWMCGDTA	3.490441	-188.912192	0	T:9065.0(41.54%),B:9803.1(35.24%),P:1e-82	Tpos:100.0,Tstd:54.8,Bpos:100.8,Bstd:61.1,StrandBias:-0.0,Multiplicity:1.36
0.271	0.176	0.270	0.283
0.212	0.160	0.311	0.317
0.195	0.331	0.256	0.218
0.223	0.384	0.135	0.257
0.188	0.048	0.182	0.582
0.378	0.110	0.064	0.448
0.304	0.409	0.124	0.164
0.052	0.823	0.123	0.002
0.051	0.114	0.833	0.002
0.207	0.169	0.296	0.328
0.161	0.171	0.150	0.518
0.479	0.197	0.125	0.199
>ACTACAAYTCCC	8-ACTACAAYTCCC	9.283741	-179.369006	0	T:489.0(2.24%),B:234.8(0.84%),P:1e-77	Tpos:106.2,Tstd:54.8,Bpos:90.5,Bstd:58.8,StrandBias:-0.0,Multiplicity:1.19
0.921	0.041	0.020	0.018
0.012	0.947	0.007	0.034
0.006	0.082	0.008	0.904
0.852	0.081	0.052	0.015
0.017	0.943	0.026	0.014
0.809	0.051	0.136	0.004
0.617	0.109	0.089	0.185
0.089	0.325	0.195	0.391
0.052	0.085	0.071	0.792
0.021	0.889	0.013	0.077
0.014	0.968	0.004	0.014
0.019	0.967	0.001	0.013
>ACCATTAGTCAC	9-ACCATTAGTCAC	9.519058	-171.367881	0	T:81.0(0.37%),B:5.3(0.02%),P:1e-74	Tpos:103.5,Tstd:58.6,Bpos:89.0,Bstd:41.9,StrandBias:0.0,Multiplicity:1.00
0.675	0.105	0.104	0.116
0.092	0.681	0.141	0.086
0.082	0.785	0.048	0.085
0.743	0.118	0.049	0.090
0.077	0.071	0.078	0.774
0.087	0.115	0.096	0.702
0.773	0.068	0.067	0.092
0.065	0.107	0.752	0.076
0.087	0.092	0.072	0.749
0.056	0.807	0.082	0.055
0.817	0.070	0.038	0.075
0.066	0.746	0.091	0.097
>NCYCTGGAATGY	10-NCYCTGGAATGY	9.782844	-168.064690	0	T:549.0(2.52%),B:290.1(1.04%),P:1e-72	Tpos:100.5,Tstd:55.0,Bpos:100.0,Bstd:53.8,StrandBias:0.1,Multiplicity:1.01
0.235	0.203	0.309	0.254
0.001	0.582	0.180	0.237
0.051	0.424	0.001	0.524
0.001	0.984	0.014	0.001
0.313	0.001	0.001	0.685
0.001	0.001	0.997	0.001
0.001	0.001	0.997	0.001
0.997	0.001	0.001	0.001
0.972	0.001	0.025	0.002
0.061	0.001	0.141	0.797
0.001	0.107	0.644	0.248
0.138	0.376	0.056	0.430
>TGTTGAGCAATC	11-TGTTGAGCAATC	7.101593	-127.719547	0	T:1017.0(4.66%),B:764.5(2.75%),P:1e-55	Tpos:100.8,Tstd:55.5,Bpos:98.1,Bstd:57.6,StrandBias:0.0,Multiplicity:1.02
0.083	0.043	0.100	0.774
0.078	0.095	0.744	0.083
0.075	0.143	0.088	0.694
0.070	0.028	0.111	0.791
0.071	0.096	0.727	0.106
0.758	0.051	0.076	0.115
0.064	0.065	0.835	0.036
0.123	0.707	0.091	0.079
0.850	0.083	0.032	0.035
0.754	0.081	0.106	0.059
0.088	0.100	0.099	0.713
0.110	0.656	0.122	0.112
>TTGCGCATGCGC	12-TTGCGCATGCGC	10.686825	-111.317575	0	T:448.0(2.05%),B:262.0(0.94%),P:1e-48	Tpos:93.9,Tstd:56.4,Bpos:94.9,Bstd:59.7,StrandBias:0.0,Multiplicity:1.09
0.140	0.201	0.236	0.423
0.114	0.110	0.191	0.585
0.028	0.017	0.940	0.015
0.017	0.958	0.020	0.005
0.007	0.011	0.939	0.043
0.008	0.973	0.008	0.011
0.753	0.135	0.044	0.068
0.122	0.043	0.169	0.666
0.001	0.011	0.977	0.011
0.021	0.932	0.020	0.027
0.003	0.008	0.946	0.043
0.011	0.910	0.011	0.068
>TTGCCTCAGGGC	13-TTGCCTCAGGGC	8.889611	-102.753700	0	T:793.0(3.63%),B:590.7(2.12%),P:1e-44	Tpos:100.4,Tstd:55.7,Bpos:96.8,Bstd:56.8,StrandBias:-0.0,Multiplicity:1.02
0.033	0.169	0.079	0.719
0.064	0.049	0.139	0.748
0.020	0.075	0.856	0.049
0.021	0.889	0.037	0.053
0.026	0.927	0.017	0.030
0.047	0.154	0.019	0.780
0.066	0.776	0.110	0.048
0.801	0.058	0.042	0.099
0.035	0.017	0.930	0.018
0.016	0.024	0.914	0.046
0.013	0.066	0.882	0.039
0.053	0.778	0.087	0.082
>GCSGCTCTAGTC	14-GCSGCTCTAGTC	12.771941	-86.395063	0	T:31.0(0.14%),B:1.4(0.01%),P:1e-37	Tpos:135.2,Tstd:60.5,Bpos:20.0,Bstd:0.0,StrandBias:1.0,Multiplicity:1.00
0.001	0.001	0.997	0.001
0.070	0.928	0.001	0.001
0.131	0.368	0.500	0.001
0.001	0.025	0.973	0.001
0.001	0.997	0.001	0.001
0.001	0.001	0.001	0.997
0.001	0.997	0.001	0.001
0.071	0.001	0.281	0.647
0.997	0.001	0.001	0.001
0.001	0.001	0.997	0.001
0.001	0.001	0.025	0.973
0.001	0.997	0.001	0.001
>GGTTTTTGCTGG	15-GGTTTTTGCTGG	12.537019	-81.270105	0	T:41.0(0.19%),B:3.3(0.01%),P:1e-35	Tpos:91.9,Tstd:57.6,Bpos:102.4,Bstd:20.4,StrandBias:0.8,Multiplicity:1.00
0.081	0.001	0.917	0.001
0.001	0.015	0.983	0.001
0.045	0.045	0.016	0.894
0.001	0.001	0.001	0.997
0.001	0.001	0.015	0.983
0.001	0.175	0.001	0.823
0.001	0.081	0.001	0.917
0.016	0.044	0.939	0.001
0.016	0.901	0.082	0.001
0.001	0.001	0.001	0.997
0.001	0.001	0.873	0.125
0.001	0.176	0.807	0.016
>GTACGCATGCGT	16-GTACGCATGCGT	12.435574	-71.881015	0	T:27.0(0.12%),B:1.3(0.00%),P:1e-31	Tpos:83.0,Tstd:55.6,Bpos:26.0,Bstd:0.0,StrandBias:-0.4,Multiplicity:1.07
0.008	0.163	0.614	0.215
0.103	0.069	0.112	0.716
0.997	0.001	0.001	0.001
0.001	0.723	0.001	0.275
0.001	0.001	0.997	0.001
0.001	0.997	0.001	0.001
0.997	0.001	0.001	0.001
0.001	0.001	0.275	0.723
0.001	0.001	0.997	0.001
0.001	0.997	0.001	0.001
0.001	0.001	0.997	0.001
0.001	0.194	0.145	0.660
>ACAGCTAACTTG	17-ACAGCTAACTTG	11.070146	-68.683764	0	T:32.0(0.15%),B:2.5(0.01%),P:1e-29	Tpos:103.7,Tstd:53.1,Bpos:18.4,Bstd:9.4,StrandBias:-0.4,Multiplicity:1.00
0.997	0.001	0.001	0.001
0.037	0.951	0.011	0.001
0.977	0.001	0.021	0.001
0.001	0.001	0.997	0.001
0.001	0.783	0.001	0.215
0.037	0.001	0.011	0.951
0.925	0.037	0.037	0.001
0.783	0.001	0.215	0.001
0.001	0.783	0.215	0.001
0.011	0.037	0.001	0.951
0.001	0.001	0.001	0.997
0.001	0.103	0.895	0.001
>TAATTCCCGCTC	18-TAATTCCCGCTC	10.083310	-65.953294	0	T:98.0(0.45%),B:31.6(0.11%),P:1e-28	Tpos:99.6,Tstd:60.0,Bpos:117.5,Bstd:49.7,StrandBias:0.7,Multiplicity:1.00
0.101	0.128	0.017	0.754
0.845	0.103	0.026	0.026
0.898	0.052	0.033	0.017
0.017	0.137	0.062	0.784
0.024	0.042	0.017	0.917
0.066	0.851	0.050	0.033
0.086	0.846	0.009	0.059
0.084	0.777	0.026	0.113
0.027	0.062	0.748	0.163
0.009	0.912	0.017	0.062
0.026	0.121	0.035	0.818
0.001	0.868	0.043	0.088
>GCTGCTGAKTAG	19-GCTGCTGAKTAG	11.429376	-65.115844	0	T:39.0(0.18%),B:4.3(0.02%),P:1e-28	Tpos:102.9,Tstd:60.1,Bpos:175.0,Bstd:0.0,StrandBias:0.0,Multiplicity:1.00
0.041	0.041	0.917	0.001
0.082	0.916	0.001	0.001
0.001	0.001	0.154	0.844
0.041	0.041	0.917	0.001
0.001	0.997	0.001	0.001
0.001	0.001	0.001	0.997
0.001	0.004	0.672	0.323
0.796	0.202	0.001	0.001
0.001	0.041	0.438	0.520
0.001	0.010	0.001	0.988
0.838	0.160	0.001	0.001
0.052	0.083	0.824	0.041
>GCTATTACTCAG	20-GCTATTACTCAG	12.301466	-64.488138	0	T:35.0(0.16%),B:3.9(0.01%),P:1e-28	Tpos:89.8,Tstd:47.0,Bpos:94.0,Bstd:0.0,StrandBias:0.3,Multiplicity:1.00
0.001	0.001	0.668	0.330
0.001	0.740	0.001	0.258
0.326	0.104	0.001	0.569
0.997	0.001	0.001	0.001
0.001	0.001	0.001	0.997
0.207	0.001	0.001	0.791
0.884	0.001	0.001	0.114
0.001	0.997	0.001	0.001
0.001	0.001	0.001	0.997
0.104	0.688	0.207	0.001
0.997	0.001	0.001	0.001
0.001	0.001	0.997	0.001
>GATAAATCAGGC	21-GATAAATCAGGC	10.409522	-53.920517	0	T:27.0(0.12%),B:2.9(0.01%),P:1e-23	Tpos:122.9,Tstd:46.6,Bpos:106.7,Bstd:36.6,StrandBias:-0.4,Multiplicity:1.00
0.100	0.100	0.700	0.100
0.700	0.100	0.100	0.100
0.100	0.100	0.100	0.700
0.700	0.100	0.100	0.100
0.700	0.100	0.100	0.100
0.700	0.100	0.100	0.100
0.100	0.100	0.100	0.700
0.100	0.700	0.100	0.100
0.700	0.100	0.100	0.100
0.100	0.100	0.700	0.100
0.100	0.100	0.700	0.100
0.100	0.700	0.100	0.100
>TATAGGCTTGTT	22-TATAGGCTTGTT	10.154090	-52.511617	0	T:54.0(0.25%),B:12.1(0.04%),P:1e-22	Tpos:97.8,Tstd:58.3,Bpos:126.3,Bstd:57.0,StrandBias:0.2,Multiplicity:1.00
0.132	0.026	0.065	0.777
0.785	0.101	0.049	0.065
0.027	0.058	0.027	0.888
0.856	0.039	0.039	0.066
0.026	0.001	0.859	0.114
0.039	0.032	0.851	0.078
0.014	0.895	0.026	0.065
0.107	0.088	0.013	0.792
0.001	0.015	0.039	0.945
0.078	0.039	0.772	0.111
0.062	0.039	0.127	0.772
0.026	0.065	0.078	0.831
>AAAVTCTCGCGA	23-AAAVTCTCGCGA	10.854468	-50.759082	0	T:53.0(0.24%),B:12.5(0.04%),P:1e-22	Tpos:94.1,Tstd:61.5,Bpos:98.0,Bstd:78.6,StrandBias:0.2,Multiplicity:1.10
0.893	0.003	0.103	0.001
0.850	0.001	0.083	0.066
0.867	0.001	0.131	0.001
0.293	0.384	0.323	0.001
0.001	0.001	0.001	0.997
0.001	0.997	0.001	0.001
0.001	0.065	0.001	0.933
0.001	0.996	0.002	0.001
0.066	0.182	0.686	0.066
0.001	0.710	0.001	0.288
0.001	0.001	0.997	0.001
0.817	0.181	0.001	0.001
>CGCAACATCCGG	24-CGCAACATCCGG	10.681307	-44.546061	0	T:36.0(0.16%),B:6.8(0.02%),P:1e-19	Tpos:107.0,Tstd:60.2,Bpos:62.2,Bstd:47.7,StrandBias:1.1,Multiplicity:1.00
0.120	0.538	0.266	0.076
0.130	0.173	0.653	0.044
0.068	0.889	0.032	0.011
0.510	0.239	0.116	0.135
0.673	0.043	0.200	0.084
0.012	0.823	0.156	0.009
0.691	0.108	0.053	0.148
0.029	0.134	0.239	0.598
0.001	0.955	0.017	0.027
0.052	0.769	0.021	0.158
0.286	0.062	0.565	0.087
0.029	0.060	0.905	0.006
>TAAGTCCCGCGG	25-TAAGTCCCGCGG	10.409522	-38.906079	0	T:28.0(0.13%),B:4.6(0.02%),P:1e-16	Tpos:92.2,Tstd:48.0,Bpos:163.9,Bstd:1.1,StrandBias:1.1,Multiplicity:1.00
0.100	0.100	0.100	0.700
0.700	0.100	0.100	0.100
0.700	0.100	0.100	0.100
0.100	0.100	0.700	0.100
0.100	0.100	0.100	0.700
0.100	0.700	0.100	0.100
0.100	0.700	0.100	0.100
0.100	0.700	0.100	0.100
0.100	0.100	0.700	0.100
0.100	0.700	0.100	0.100
0.100	0.100	0.700	0.100
0.100	0.100	0.700	0.100
>ATGACTCA	1-ATGACTCA	5.874684	-2952.379927	0	T:3950.0(18.10%),B:1176.6(4.23%),P:1e-1282	Tpos:100.0,Tstd:54.7,Bpos:100.4,Bstd:58.1,StrandBias:0.0,Multiplicity:1.19
0.626	0.125	0.241	0.008
0.001	0.001	0.001	0.997
0.001	0.001	0.977	0.021
0.997	0.001	0.001	0.001
0.046	0.671	0.237	0.046
0.001	0.001	0.006	0.992
0.035	0.963	0.001	0.001
0.996	0.001	0.002	0.001
>MGGTGACK	2-MGGTGACK	4.668660	-645.203065	0	T:10489.0(48.06%),B:10071.1(36.20%),P:1e-280	Tpos:100.0,Tstd:56.6,Bpos:99.4,Bstd:60.7,StrandBias:-0.0,Multiplicity:1.20
0.233	0.373	0.205	0.189
0.226	0.146	0.429	0.200
0.166	0.125	0.651	0.058
0.088	0.001	0.001	0.910
0.322	0.168	0.509	0.001
0.997	0.001	0.001	0.001
0.001	0.979	0.001	0.019
0.059	0.148	0.435	0.357
>CGATTGGC	3-CGATTGGC	7.095432	-534.653570	0	T:1898.0(8.70%),B:1057.8(3.80%),P:1e-232	Tpos:100.0,Tstd:56.0,Bpos:89.2,Bstd:58.4,StrandBias:0.1,Multiplicity:1.25
0.015	0.603	0.108	0.274
0.010	0.107	0.746	0.137
0.983	0.001	0.001	0.015
0.001	0.001	0.001	0.997
0.008	0.008	0.001	0.983
0.001	0.001	0.997	0.001
0.011	0.001	0.987	0.001
0.044	0.814	0.047	0.095
>YGGAATGC	4-YGGAATGC	5.729278	-362.721120	0	T:4458.0(20.43%),B:3840.6(13.81%),P:1e-157	Tpos:101.0,Tstd:55.0,Bpos:99.9,Bstd:59.7,StrandBias:0.1,Multiplicity:1.15
0.228	0.262	0.115	0.395
0.109	0.161	0.729	0.001
0.001	0.080	0.832	0.087
0.820	0.001	0.001	0.178
0.997	0.001	0.001	0.001
0.001	0.001	0.001	0.997
0.001	0.003	0.912	0.084
0.114	0.550	0.001	0.335
>GCTGWYTW	5-GCTGWYTW	4.603862	-359.206637	0	T:10315.0(47.26%),B:10679.4(38.39%),P:1e-156	Tpos:101.8,Tstd:56.5,Bpos:101.0,Bstd:59.3,StrandBias:-0.0,Multiplicity:1.29
0.177	0.086	0.646	0.091
0.258	0.667	0.074	0.001
0.047	0.001	0.149	0.803
0.072	0.100	0.627	0.201
0.356	0.070	0.099	0.475
0.001	0.331	0.199	0.468
0.089	0.001	0.037	0.873
0.368	0.181	0.159	0.292
>GGTGTGGC	6-GGTGTGGC	6.292856	-333.941165	0	T:5297.0(24.27%),B:4834.1(17.38%),P:1e-145	Tpos:100.7,Tstd:56.0,Bpos:99.2,Bstd:57.0,StrandBias:-0.0,Multiplicity:1.14
0.018	0.001	0.980	0.001
0.001	0.063	0.926	0.010
0.125	0.061	0.001	0.813
0.001	0.001	0.965	0.033
0.036	0.018	0.160	0.786
0.028	0.009	0.895	0.068
0.047	0.008	0.867	0.078
0.019	0.979	0.001	0.001
>TAACCAVW	7-TAACCAVW	4.359833	-332.792747	0	T:10662.0(48.85%),B:11201.4(40.27%),P:1e-144	Tpos:99.0,Tstd:56.0,Bpos:99.2,Bstd:58.2,StrandBias:-0.0,Multiplicity:1.42
0.189	0.249	0.051	0.511
0.637	0.018	0.098	0.247
0.611	0.160	0.226	0.003
0.135	0.696	0.001	0.168
0.045	0.698	0.246	0.011
0.766	0.013	0.080	0.141
0.349	0.305	0.332	0.015
0.447	0.143	0.033	0.377
>AATTCCGG	8-AATTCCGG	6.227656	-310.126911	0	T:4547.0(20.83%),B:4064.4(14.61%),P:1e-134	Tpos:101.3,Tstd:56.0,Bpos:99.0,Bstd:59.9,StrandBias:0.1,Multiplicity:1.15
0.550	0.117	0.176	0.157
0.485	0.300	0.001	0.214
0.091	0.001	0.027	0.881
0.072	0.001	0.172	0.755
0.001	0.985	0.001	0.013
0.001	0.997	0.001	0.001
0.001	0.001	0.670	0.328
0.001	0.237	0.641	0.121
>AAGGGCGG	9-AAGGGCGG	5.033388	-291.009017	0	T:11574.0(53.03%),B:12501.8(44.94%),P:1e-126	Tpos:99.5,Tstd:56.2,Bpos:97.5,Bstd:59.0,StrandBias:0.0,Multiplicity:1.75
0.615	0.085	0.113	0.187
0.721	0.003	0.143	0.133
0.146	0.046	0.775	0.033
0.093	0.032	0.835	0.040
0.025	0.073	0.863	0.039
0.060	0.754	0.064	0.122
0.078	0.147	0.692	0.083
0.067	0.074	0.747	0.112
>GCCTTTCC	10-GCCTTTCC	4.667531	-286.453328	0	T:11777.0(53.96%),B:12776.5(45.93%),P:1e-124	Tpos:99.4,Tstd:56.3,Bpos:99.9,Bstd:59.8,StrandBias:0.0,Multiplicity:1.34
0.113	0.061	0.714	0.112
0.079	0.751	0.154	0.016
0.183	0.636	0.086	0.095
0.047	0.082	0.084	0.787
0.108	0.051	0.036	0.805
0.054	0.076	0.114	0.756
0.067	0.796	0.062	0.075
0.073	0.757	0.089	0.081
>CCAATSAG	11-CCAATSAG	7.294144	-274.848000	0	T:1144.0(5.24%),B:680.9(2.45%),P:1e-119	Tpos:106.5,Tstd:58.2,Bpos:92.3,Bstd:60.2,StrandBias:-0.0,Multiplicity:1.04
0.001	0.941	0.057	0.001
0.055	0.609	0.171	0.165
0.782	0.133	0.053	0.032
0.907	0.001	0.091	0.001
0.001	0.048	0.001	0.950
0.117	0.454	0.371	0.058
0.561	0.316	0.071	0.052
0.001	0.060	0.886	0.053
>NTTACGYA	12-NTTACGYA	5.609019	-241.912449	0	T:2727.0(12.50%),B:2271.5(8.17%),P:1e-105	Tpos:103.0,Tstd:56.3,Bpos:96.8,Bstd:61.1,StrandBias:0.1,Multiplicity:1.10
0.185	0.291	0.318	0.206
0.001	0.001	0.001	0.997
0.108	0.001	0.353	0.538
0.777	0.001	0.221	0.001
0.001	0.974	0.024	0.001
0.023	0.083	0.736	0.158
0.041	0.449	0.001	0.509
0.516	0.316	0.148	0.020
>TTWKGCAA	13-TTWKGCAA	6.558410	-193.157735	0	T:2559.0(11.73%),B:2207.8(7.94%),P:1e-83	Tpos:101.7,Tstd:56.8,Bpos:98.2,Bstd:58.9,StrandBias:-0.0,Multiplicity:1.09
0.001	0.001	0.001	0.997
0.144	0.019	0.283	0.554
0.522	0.001	0.081	0.396
0.001	0.098	0.473	0.428
0.001	0.001	0.997	0.001
0.129	0.757	0.001	0.113
0.884	0.001	0.114	0.001
0.917	0.001	0.027	0.055
>GGKTWRGC	14-GGKTWRGC	5.637382	-145.767786	0	T:4247.0(19.46%),B:4233.5(15.22%),P:1e-63	Tpos:100.3,Tstd:57.0,Bpos:101.8,Bstd:61.2,StrandBias:0.1,Multiplicity:1.07
0.001	0.072	0.542	0.385
0.329	0.091	0.579	0.001
0.030	0.001	0.533	0.436
0.001	0.001	0.001	0.997
0.454	0.001	0.001	0.544
0.491	0.001	0.507	0.001
0.001	0.166	0.832	0.001
0.001	0.997	0.001	0.001
>STGCCARS	15-STGCCARS	5.541382	-134.869575	0	T:4581.0(20.99%),B:4665.0(16.77%),P:1e-58	Tpos:99.8,Tstd:56.6,Bpos:99.3,Bstd:56.7,StrandBias:0.0,Multiplicity:1.14
0.001	0.539	0.459	0.001
0.033	0.001	0.001	0.965
0.001	0.001	0.997	0.001
0.001	0.997	0.001	0.001
0.001	0.997	0.001	0.001
0.997	0.001	0.001	0.001
0.519	0.001	0.479	0.001
0.001	0.501	0.497	0.001
>AACCGACG	16-AACCGACG	4.781775	-133.966199	0	T:3725.0(17.07%),B:3679.1(13.23%),P:1e-58	Tpos:99.5,Tstd:56.1,Bpos:100.9,Bstd:62.8,StrandBias:-0.0,Multiplicity:1.08
0.815	0.014	0.079	0.092
0.764	0.063	0.104	0.069
0.063	0.668	0.187	0.082
0.072	0.821	0.076	0.031
0.110	0.041	0.782	0.067
0.815	0.030	0.030	0.125
0.095	0.711	0.061	0.133
0.047	0.212	0.626	0.115
>CGCTTGCG	17-CGCTTGCG	6.355211	-123.129637	0	T:2123.0(9.73%),B:1925.6(6.92%),P:1e-53	Tpos:100.5,Tstd:57.0,Bpos:99.6,Bstd:62.7,StrandBias:0.0,Multiplicity:1.12
0.128	0.526	0.116	0.230
0.001	0.001	0.722	0.276
0.063	0.575	0.001	0.361
0.218	0.150	0.001	0.631
0.121	0.001	0.001	0.877
0.090	0.126	0.783	0.001
0.001	0.997	0.001	0.001
0.001	0.001	0.887	0.111
>CTCCWCCC	18-CTCCWCCC	7.755563	-112.816403	0	T:2500.0(11.46%),B:2372.7(8.53%),P:1e-48	Tpos:100.5,Tstd:55.5,Bpos:98.9,Bstd:54.4,StrandBias:-0.1,Multiplicity:1.08
0.001	0.997	0.001	0.001
0.001	0.001	0.001	0.997
0.065	0.933	0.001	0.001
0.001	0.997	0.001	0.001
0.440	0.001	0.001	0.558
0.001	0.997	0.001	0.001
0.001	0.997	0.001	0.001
0.001	0.997	0.001	0.001
>GCCTAAGG	19-GCCTAAGG	7.622382	-92.961408	0	T:1649.0(7.56%),B:1500.6(5.39%),P:1e-40	Tpos:100.8,Tstd:57.9,Bpos:102.2,Bstd:58.8,StrandBias:-0.1,Multiplicity:1.04
0.001	0.001	0.997	0.001
0.085	0.913	0.001	0.001
0.013	0.971	0.015	0.001
0.001	0.001	0.001	0.997
0.503	0.155	0.273	0.069
0.843	0.014	0.001	0.142
0.001	0.001	0.997	0.001
0.001	0.001	0.899	0.099
>TTTGGCGC	20-TTTGGCGC	6.190305	-80.607855	0	T:2262.0(10.36%),B:2222.8(7.99%),P:1e-35	Tpos:96.7,Tstd:55.5,Bpos:103.1,Bstd:60.3,StrandBias:0.1,Multiplicity:1.04
0.001	0.111	0.001	0.887
0.024	0.071	0.050	0.855
0.001	0.001	0.001	0.997
0.170	0.001	0.828	0.001
0.064	0.001	0.920	0.015
0.085	0.853	0.025	0.037
0.187	0.060	0.701	0.052
0.001	0.976	0.001	0.022
>ATTGCTCA	21-ATTGCTCA	7.318845	-77.655483	0	T:570.0(2.61%),B:418.8(1.51%),P:1e-33	Tpos:101.4,Tstd:55.2,Bpos:99.0,Bstd:57.8,StrandBias:0.1,Multiplicity:1.01
0.997	0.001	0.001	0.001
0.001	0.001	0.001	0.997
0.001	0.001	0.001	0.997
0.001	0.189	0.809	0.001
0.001	0.997	0.001	0.001
0.001	0.001	0.001	0.997
0.124	0.874	0.001	0.001
0.997	0.001	0.001	0.001
>TCGGATCG	22-TCGGATCG	6.642986	-76.332383	0	T:1631.0(7.47%),B:1533.7(5.51%),P:1e-33	Tpos:98.1,Tstd:57.8,Bpos:99.3,Bstd:63.3,StrandBias:0.1,Multiplicity:1.05
0.001	0.327	0.001	0.671
0.350	0.648	0.001	0.001
0.210	0.120	0.669	0.001
0.001	0.001	0.921	0.077
0.997	0.001	0.001	0.001
0.303	0.001	0.188	0.508
0.322	0.676	0.001	0.001
0.001	0.001	0.730	0.268
>TCTCGCGA	23-TCTCGCGA	6.259608	-65.925831	0	T:1339.0(6.14%),B:1247.5(4.48%),P:1e-28	Tpos:99.1,Tstd:56.8,Bpos:98.9,Bstd:63.6,StrandBias:0.0,Multiplicity:1.06
0.033	0.070	0.001	0.896
0.028	0.893	0.029	0.050
0.032	0.001	0.036	0.931
0.013	0.920	0.030	0.037
0.015	0.050	0.934	0.001
0.001	0.862	0.136	0.001
0.016	0.018	0.965	0.001
0.830	0.095	0.035	0.040
>TCGCGATT	24-TCGCGATT	8.236954	-55.179188	0	T:35.0(0.16%),B:4.3(0.02%),P:1e-23	Tpos:90.2,Tstd:66.2,Bpos:59.2,Bstd:51.6,StrandBias:1.7,Multiplicity:1.00
0.100	0.100	0.100	0.700
0.100	0.700	0.100	0.100
0.100	0.100	0.700	0.100
0.100	0.700	0.100	0.100
0.100	0.100	0.700	0.100
0.700	0.100	0.100	0.100
0.100	0.100	0.100	0.700
0.100	0.100	0.100	0.700
>GCGAGTTA	25-GCGAGTTA	7.461258	-45.823001	0	T:289.0(1.32%),B:203.3(0.73%),P:1e-19	Tpos:108.0,Tstd:56.7,Bpos:103.4,Bstd:61.8,StrandBias:0.1,Multiplicity:1.01
0.001	0.001	0.930	0.068
0.001	0.736	0.262	0.001
0.001	0.018	0.934	0.047
0.926	0.072	0.001	0.001
0.001	0.029	0.883	0.087
0.001	0.027	0.020	0.952
0.055	0.161	0.001	0.783
0.876	0.043	0.057	0.024
