>RTGASTCABN	1-RTGASTCABN	6.481049	-3231.408340	0	T:3344.0(15.32%),B:754.9(2.71%),P:1e-1403	Tpos:99.8,Tstd:54.1,Bpos:100.4,Bstd:56.1,StrandBias:-0.0,Multiplicity:1.15
0.364	0.169	0.323	0.144
0.048	0.056	0.026	0.870
0.061	0.093	0.656	0.190
0.770	0.102	0.079	0.049
0.142	0.405	0.300	0.153
0.096	0.021	0.030	0.853
0.272	0.549	0.083	0.096
0.795	0.038	0.082	0.085
0.111	0.302	0.259	0.328
0.206	0.325	0.208	0.262
>TGAVTCAKNN	2-TGAVTCAKNN	6.733701	-2572.949081	0	T:4390.0(20.12%),B:1622.4(5.83%),P:1e-1117	Tpos:99.2,Tstd:57.3,Bpos:99.0,Bstd:59.6,StrandBias:-0.1,Multiplicity:1.08
0.001	0.001	0.001	0.997
0.006	0.107	0.631	0.256
0.923	0.075	0.001	0.001
0.249	0.255	0.354	0.142
0.051	0.016	0.001	0.932
0.349	0.649	0.001	0.001
0.990	0.001	0.001	0.008
0.139	0.213	0.268	0.380
0.279	0.287	0.230	0.204
0.211	0.323	0.256	0.211
>GCCCCGCCCH	3-GCCCCGCCCH	6.896995	-649.674496	0	T:6396.0(29.31%),B:5337.2(19.19%),P:1e-282	Tpos:99.2,Tstd:55.2,Bpos:93.7,Bstd:56.0,StrandBias:-0.0,Multiplicity:1.47
0.050	0.001	0.871	0.078
0.012	0.830	0.001	0.157
0.207	0.658	0.001	0.134
0.131	0.867	0.001	0.001
0.001	0.997	0.001	0.001
0.115	0.001	0.826	0.058
0.001	0.997	0.001	0.001
0.001	0.997	0.001	0.001
0.001	0.892	0.001	0.106
0.252	0.356	0.001	0.392
>GCCAATCAGR	4-GCCAATCAGR	6.865629	-558.982829	0	T:2533.0(11.61%),B:1585.0(5.70%),P:1e-242	Tpos:99.4,Tstd:56.0,Bpos:91.1,Bstd:58.7,StrandBias:-0.1,Multiplicity:1.27
0.287	0.094	0.551	0.068
0.001	0.990	0.001	0.008
0.016	0.974	0.009	0.001
0.997	0.001	0.001	0.001
0.933	0.014	0.052	0.001
0.122	0.025	0.001	0.852
0.255	0.480	0.245	0.020
0.545	0.168	0.281	0.006
0.210	0.231	0.417	0.141
0.357	0.193	0.316	0.134
>GGGAGTGACT	5-GGGAGTGACT	4.774854	-556.317944	0	T:7675.0(35.17%),B:6968.6(25.05%),P:1e-241	Tpos:99.6,Tstd:55.2,Bpos:99.4,Bstd:57.6,StrandBias:0.1,Multiplicity:1.17
0.104	0.101	0.690	0.105
0.103	0.074	0.719	0.104
0.129	0.106	0.695	0.070
0.677	0.107	0.091	0.125
0.111	0.098	0.703	0.088
0.099	0.094	0.092	0.715
0.095	0.101	0.704	0.100
0.681	0.102	0.116	0.101
0.089	0.706	0.101	0.104
0.107	0.094	0.089	0.710
>NRTTRCGCAA	6-NRTTRCGCAA	6.928537	-330.087205	0	T:1616.0(7.40%),B:1032.9(3.71%),P:1e-143	Tpos:102.2,Tstd:55.7,Bpos:100.4,Bstd:58.6,StrandBias:0.0,Multiplicity:1.09
0.188	0.203	0.313	0.297
0.470	0.199	0.330	0.001
0.001	0.001	0.001	0.997
0.001	0.001	0.001	0.997
0.359	0.001	0.484	0.156
0.031	0.514	0.229	0.226
0.228	0.157	0.517	0.098
0.266	0.473	0.001	0.259
0.975	0.023	0.001	0.001
0.997	0.001	0.001	0.001
>ATATGACGCA	7-ATATGACGCA	5.823414	-319.418791	0	T:1171.0(5.37%),B:657.7(2.36%),P:1e-138	Tpos:100.7,Tstd:55.8,Bpos:101.4,Bstd:58.3,StrandBias:0.1,Multiplicity:1.02
0.605	0.127	0.143	0.125
0.186	0.193	0.198	0.423
0.548	0.165	0.187	0.100
0.109	0.132	0.158	0.601
0.083	0.116	0.675	0.126
0.719	0.183	0.039	0.059
0.136	0.590	0.134	0.140
0.157	0.143	0.561	0.139
0.087	0.665	0.128	0.120
0.591	0.155	0.105	0.149
>HTTCCNGGMA	8-HTTCCNGGMA	5.593926	-229.353269	0	T:6409.0(29.37%),B:6435.3(23.13%),P:1e-99	Tpos:100.9,Tstd:54.8,Bpos:99.8,Bstd:59.3,StrandBias:-0.0,Multiplicity:1.17
0.282	0.221	0.167	0.331
0.005	0.233	0.113	0.649
0.216	0.020	0.030	0.734
0.001	0.882	0.068	0.049
0.002	0.728	0.001	0.269
0.227	0.302	0.260	0.211
0.159	0.001	0.778	0.062
0.182	0.109	0.520	0.189
0.363	0.288	0.213	0.137
0.644	0.050	0.287	0.019
>AGGAATGCCG	9-AGGAATGCCG	4.893869	-216.665741	0	T:7972.0(36.53%),B:8348.9(30.01%),P:1e-94	Tpos:98.8,Tstd:55.7,Bpos:102.2,Bstd:58.9,StrandBias:-0.0,Multiplicity:1.20
0.713	0.072	0.091	0.124
0.115	0.072	0.737	0.076
0.095	0.090	0.725	0.090
0.746	0.091	0.106	0.057
0.707	0.116	0.095	0.082
0.132	0.103	0.113	0.652
0.075	0.098	0.720	0.107
0.070	0.703	0.110	0.117
0.124	0.636	0.112	0.128
0.129	0.113	0.662	0.096
>TTGCCATAGG	10-TTGCCATAGG	4.994053	-193.129137	0	T:5317.0(24.36%),B:5292.0(19.02%),P:1e-83	Tpos:102.5,Tstd:56.2,Bpos:100.6,Bstd:56.6,StrandBias:-0.0,Multiplicity:1.14
0.114	0.115	0.099	0.672
0.109	0.078	0.106	0.707
0.074	0.093	0.719	0.114
0.075	0.738	0.103	0.084
0.095	0.748	0.070	0.087
0.680	0.117	0.080	0.123
0.119	0.136	0.126	0.619
0.698	0.091	0.109	0.102
0.104	0.087	0.718	0.091
0.098	0.114	0.701	0.087
>GCGTTGTTTA	11-GCGTTGTTTA	7.493005	-155.116126	0	T:804.0(3.68%),B:522.2(1.88%),P:1e-67	Tpos:100.3,Tstd:55.4,Bpos:95.4,Bstd:58.7,StrandBias:-0.1,Multiplicity:1.04
0.001	0.001	0.879	0.119
0.181	0.546	0.137	0.136
0.152	0.010	0.614	0.224
0.083	0.182	0.114	0.621
0.001	0.001	0.035	0.963
0.005	0.093	0.777	0.125
0.001	0.136	0.001	0.862
0.001	0.013	0.006	0.980
0.001	0.008	0.008	0.983
0.774	0.039	0.060	0.127
>GGGAHTTGTA	12-GGGAHTTGTA	7.338536	-133.533032	0	T:1165.0(5.34%),B:899.9(3.23%),P:1e-57	Tpos:105.3,Tstd:55.4,Bpos:95.9,Bstd:56.6,StrandBias:-0.2,Multiplicity:1.03
0.001	0.001	0.997	0.001
0.142	0.001	0.793	0.064
0.138	0.001	0.819	0.042
0.699	0.001	0.299	0.001
0.229	0.349	0.127	0.294
0.194	0.131	0.247	0.428
0.060	0.213	0.188	0.539
0.001	0.136	0.862	0.001
0.001	0.001	0.034	0.964
0.668	0.001	0.127	0.204
>TTGCRACACC	13-TTGCRACACC	8.077701	-127.048915	0	T:535.0(2.45%),B:319.4(1.15%),P:1e-55	Tpos:102.4,Tstd:54.1,Bpos:94.1,Bstd:57.9,StrandBias:-0.0,Multiplicity:1.03
0.001	0.052	0.001	0.946
0.100	0.006	0.053	0.841
0.107	0.067	0.703	0.123
0.001	0.997	0.001	0.001
0.417	0.105	0.343	0.135
0.823	0.001	0.001	0.175
0.001	0.997	0.001	0.001
0.993	0.001	0.005	0.001
0.001	0.756	0.001	0.242
0.207	0.494	0.088	0.211
>CGCATGCGCR	14-CGCATGCGCR	8.436709	-118.641241	0	T:850.0(3.89%),B:618.2(2.22%),P:1e-51	Tpos:100.6,Tstd:56.3,Bpos:94.3,Bstd:59.1,StrandBias:-0.1,Multiplicity:1.15
0.021	0.895	0.083	0.001
0.044	0.128	0.689	0.139
0.001	0.997	0.001	0.001
0.632	0.059	0.110	0.199
0.052	0.032	0.091	0.825
0.001	0.001	0.997	0.001
0.001	0.957	0.041	0.001
0.001	0.001	0.997	0.001
0.075	0.678	0.114	0.133
0.447	0.190	0.335	0.027
>TACCCTAGGG	15-TACCCTAGGG	5.116385	-117.597522	0	T:3240.0(14.85%),B:3188.2(11.46%),P:1e-51	Tpos:101.2,Tstd:56.1,Bpos:96.8,Bstd:55.5,StrandBias:0.1,Multiplicity:1.05
0.109	0.113	0.124	0.654
0.645	0.108	0.125	0.122
0.106	0.704	0.096	0.094
0.100	0.730	0.079	0.091
0.063	0.740	0.093	0.104
0.117	0.122	0.098	0.663
0.699	0.099	0.114	0.088
0.086	0.091	0.735	0.088
0.100	0.092	0.714	0.094
0.083	0.107	0.715	0.095
>ACTTCCGCTC	16-ACTTCCGCTC	9.053407	-116.437612	0	T:390.0(1.79%),B:209.0(0.75%),P:1e-50	Tpos:99.5,Tstd:57.3,Bpos:96.5,Bstd:58.3,StrandBias:0.2,Multiplicity:1.03
0.997	0.001	0.001	0.001
0.003	0.964	0.032	0.001
0.024	0.080	0.067	0.829
0.001	0.028	0.001	0.970
0.041	0.872	0.067	0.020
0.001	0.956	0.015	0.028
0.001	0.055	0.916	0.028
0.001	0.830	0.137	0.032
0.029	0.093	0.044	0.834
0.010	0.870	0.044	0.076
>CTGVCHCAGA	17-CTGVCHCAGA	6.428653	-113.906608	0	T:1575.0(7.22%),B:1363.8(4.90%),P:1e-49	Tpos:99.1,Tstd:55.7,Bpos:100.1,Bstd:56.9,StrandBias:0.1,Multiplicity:1.03
0.022	0.716	0.011	0.251
0.015	0.016	0.369	0.600
0.159	0.059	0.524	0.258
0.323	0.200	0.322	0.155
0.190	0.627	0.014	0.169
0.259	0.231	0.147	0.362
0.120	0.602	0.253	0.025
0.591	0.019	0.208	0.182
0.212	0.026	0.753	0.009
0.578	0.197	0.015	0.210
>CCGCTATGAA	18-CCGCTATGAA	10.635701	-109.102445	0	T:37.0(0.17%),B:1.6(0.01%),P:1e-47	Tpos:86.4,Tstd:49.1,Bpos:122.8,Bstd:59.0,StrandBias:-1.6,Multiplicity:1.00
0.177	0.645	0.001	0.177
0.001	0.821	0.177	0.001
0.001	0.001	0.997	0.001
0.001	0.997	0.001	0.001
0.001	0.001	0.001	0.997
0.842	0.156	0.001	0.001
0.001	0.001	0.001	0.997
0.001	0.001	0.997	0.001
0.821	0.001	0.001	0.177
0.888	0.001	0.001	0.110
>GTGACGTCAK	19-GTGACGTCAK	7.217600	-99.166852	0	T:607.0(2.78%),B:419.3(1.51%),P:1e-43	Tpos:102.4,Tstd:54.7,Bpos:96.6,Bstd:57.0,StrandBias:0.1,Multiplicity:1.02
0.007	0.275	0.707	0.011
0.170	0.124	0.171	0.535
0.025	0.151	0.727	0.097
0.669	0.018	0.245	0.068
0.136	0.425	0.215	0.224
0.153	0.217	0.448	0.183
0.221	0.011	0.014	0.754
0.126	0.739	0.114	0.021
0.773	0.184	0.016	0.027
0.260	0.010	0.294	0.436
>TTGTGGTTCG	20-TTGTGGTTCG	11.085024	-90.623643	0	T:39.0(0.18%),B:2.3(0.01%),P:1e-39	Tpos:110.9,Tstd:58.0,Bpos:111.9,Bstd:19.3,StrandBias:1.3,Multiplicity:1.00
0.001	0.001	0.001	0.997
0.001	0.301	0.001	0.697
0.001	0.001	0.997	0.001
0.001	0.108	0.001	0.890
0.108	0.001	0.890	0.001
0.301	0.001	0.697	0.001
0.001	0.001	0.001	0.997
0.001	0.001	0.001	0.997
0.001	0.834	0.001	0.164
0.001	0.001	0.997	0.001
>CGATCGGASC	21-CGATCGGASC	10.264726	-53.684228	0	T:43.0(0.20%),B:7.1(0.03%),P:1e-23	Tpos:86.6,Tstd:56.2,Bpos:93.4,Bstd:80.8,StrandBias:1.0,Multiplicity:1.00
0.001	0.997	0.001	0.001
0.001	0.001	0.997	0.001
0.997	0.001	0.001	0.001
0.001	0.088	0.001	0.910
0.001	0.997	0.001	0.001
0.001	0.001	0.721	0.277
0.001	0.001	0.997	0.001
0.997	0.001	0.001	0.001
0.054	0.427	0.518	0.001
0.001	0.848	0.150	0.001
>TTACGCGCAA	22-TTACGCGCAA	6.162798	-52.539957	0	T:64.0(0.29%),B:17.7(0.06%),P:1e-22	Tpos:104.5,Tstd:50.3,Bpos:111.5,Bstd:57.2,StrandBias:0.3,Multiplicity:1.00
0.123	0.141	0.148	0.588
0.166	0.147	0.143	0.544
0.690	0.125	0.049	0.136
0.138	0.593	0.148	0.121
0.141	0.118	0.593	0.148
0.147	0.593	0.124	0.136
0.145	0.133	0.597	0.125
0.130	0.670	0.155	0.045
0.554	0.150	0.152	0.144
0.578	0.149	0.157	0.116
>TTGGCGCTGC	23-TTGGCGCTGC	10.054019	-48.019085	0	T:32.0(0.15%),B:4.1(0.01%),P:1e-20	Tpos:76.9,Tstd:59.3,Bpos:42.0,Bstd:0.0,StrandBias:0.4,Multiplicity:1.00
0.001	0.001	0.001	0.997
0.001	0.001	0.001	0.997
0.024	0.001	0.974	0.001
0.001	0.001	0.953	0.045
0.001	0.997	0.001	0.001
0.001	0.001	0.997	0.001
0.001	0.997	0.001	0.001
0.001	0.001	0.001	0.997
0.008	0.001	0.990	0.001
0.001	0.997	0.001	0.001
>AAAGGCTCCT	24-AAAGGCTCCT	10.296193	-46.613111	0	T:37.0(0.17%),B:6.9(0.02%),P:1e-20	Tpos:80.9,Tstd:54.4,Bpos:134.8,Bstd:33.6,StrandBias:0.3,Multiplicity:1.00
0.700	0.100	0.100	0.100
0.700	0.100	0.100	0.100
0.700	0.100	0.100	0.100
0.100	0.100	0.700	0.100
0.100	0.100	0.700	0.100
0.100	0.700	0.100	0.100
0.100	0.100	0.100	0.700
0.100	0.700	0.100	0.100
0.100	0.700	0.100	0.100
0.100	0.100	0.100	0.700
>TGCTGGTTCT	25-TGCTGGTTCT	11.795681	-45.695062	0	T:48.0(0.22%),B:11.7(0.04%),P:1e-19	Tpos:93.8,Tstd:52.4,Bpos:54.7,Bstd:51.6,StrandBias:-0.8,Multiplicity:1.00
0.001	0.001	0.001	0.997
0.001	0.001	0.997	0.001
0.001	0.997	0.001	0.001
0.001	0.001	0.001	0.997
0.001	0.001	0.997	0.001
0.001	0.001	0.997	0.001
0.001	0.001	0.001	0.997
0.130	0.001	0.001	0.868
0.001	0.997	0.001	0.001
0.001	0.001	0.001	0.997
