>ATGACTCA	1-ATGACTCA	5.874684	-2952.379927	0	T:3950.0(18.10%),B:1176.6(4.23%),P:1e-1282	Tpos:100.0,Tstd:54.7,Bpos:100.4,Bstd:58.1,StrandBias:0.0,Multiplicity:1.19
0.626	0.125	0.241	0.008
0.001	0.001	0.001	0.997
0.001	0.001	0.977	0.021
0.997	0.001	0.001	0.001
0.046	0.671	0.237	0.046
0.001	0.001	0.006	0.992
0.035	0.963	0.001	0.001
0.996	0.001	0.002	0.001
>MGGTGACK	2-MGGTGACK	4.668660	-645.203065	0	T:10489.0(48.06%),B:10071.1(36.20%),P:1e-280	Tpos:100.0,Tstd:56.6,Bpos:99.4,Bstd:60.7,StrandBias:-0.0,Multiplicity:1.20
0.233	0.373	0.205	0.189
0.226	0.146	0.429	0.200
0.166	0.125	0.651	0.058
0.088	0.001	0.001	0.910
0.322	0.168	0.509	0.001
0.997	0.001	0.001	0.001
0.001	0.979	0.001	0.019
0.059	0.148	0.435	0.357
>CGATTGGC	3-CGATTGGC	7.095432	-534.653570	0	T:1898.0(8.70%),B:1057.8(3.80%),P:1e-232	Tpos:100.0,Tstd:56.0,Bpos:89.2,Bstd:58.4,StrandBias:0.1,Multiplicity:1.25
0.015	0.603	0.108	0.274
0.010	0.107	0.746	0.137
0.983	0.001	0.001	0.015
0.001	0.001	0.001	0.997
0.008	0.008	0.001	0.983
0.001	0.001	0.997	0.001
0.011	0.001	0.987	0.001
0.044	0.814	0.047	0.095
>YGGAATGC	4-YGGAATGC	5.729278	-362.721120	0	T:4458.0(20.43%),B:3840.6(13.81%),P:1e-157	Tpos:101.0,Tstd:55.0,Bpos:99.9,Bstd:59.7,StrandBias:0.1,Multiplicity:1.15
0.228	0.262	0.115	0.395
0.109	0.161	0.729	0.001
0.001	0.080	0.832	0.087
0.820	0.001	0.001	0.178
0.997	0.001	0.001	0.001
0.001	0.001	0.001	0.997
0.001	0.003	0.912	0.084
0.114	0.550	0.001	0.335
>GCTGWYTW	5-GCTGWYTW	4.603862	-359.206637	0	T:10315.0(47.26%),B:10679.4(38.39%),P:1e-156	Tpos:101.8,Tstd:56.5,Bpos:101.0,Bstd:59.3,StrandBias:-0.0,Multiplicity:1.29
0.177	0.086	0.646	0.091
0.258	0.667	0.074	0.001
0.047	0.001	0.149	0.803
0.072	0.100	0.627	0.201
0.356	0.070	0.099	0.475
0.001	0.331	0.199	0.468
0.089	0.001	0.037	0.873
0.368	0.181	0.159	0.292
>GGTGTGGC	6-GGTGTGGC	6.292856	-333.941165	0	T:5297.0(24.27%),B:4834.1(17.38%),P:1e-145	Tpos:100.7,Tstd:56.0,Bpos:99.2,Bstd:57.0,StrandBias:-0.0,Multiplicity:1.14
0.018	0.001	0.980	0.001
0.001	0.063	0.926	0.010
0.125	0.061	0.001	0.813
0.001	0.001	0.965	0.033
0.036	0.018	0.160	0.786
0.028	0.009	0.895	0.068
0.047	0.008	0.867	0.078
0.019	0.979	0.001	0.001
>TAACCAVW	7-TAACCAVW	4.359833	-332.792747	0	T:10662.0(48.85%),B:11201.4(40.27%),P:1e-144	Tpos:99.0,Tstd:56.0,Bpos:99.2,Bstd:58.2,StrandBias:-0.0,Multiplicity:1.42
0.189	0.249	0.051	0.511
0.637	0.018	0.098	0.247
0.611	0.160	0.226	0.003
0.135	0.696	0.001	0.168
0.045	0.698	0.246	0.011
0.766	0.013	0.080	0.141
0.349	0.305	0.332	0.015
0.447	0.143	0.033	0.377
>AATTCCGG	8-AATTCCGG	6.227656	-310.126911	0	T:4547.0(20.83%),B:4064.4(14.61%),P:1e-134	Tpos:101.3,Tstd:56.0,Bpos:99.0,Bstd:59.9,StrandBias:0.1,Multiplicity:1.15
0.550	0.117	0.176	0.157
0.485	0.300	0.001	0.214
0.091	0.001	0.027	0.881
0.072	0.001	0.172	0.755
0.001	0.985	0.001	0.013
0.001	0.997	0.001	0.001
0.001	0.001	0.670	0.328
0.001	0.237	0.641	0.121
>AAGGGCGG	9-AAGGGCGG	5.033388	-291.009017	0	T:11574.0(53.03%),B:12501.8(44.94%),P:1e-126	Tpos:99.5,Tstd:56.2,Bpos:97.5,Bstd:59.0,StrandBias:0.0,Multiplicity:1.75
0.615	0.085	0.113	0.187
0.721	0.003	0.143	0.133
0.146	0.046	0.775	0.033
0.093	0.032	0.835	0.040
0.025	0.073	0.863	0.039
0.060	0.754	0.064	0.122
0.078	0.147	0.692	0.083
0.067	0.074	0.747	0.112
>GCCTTTCC	10-GCCTTTCC	4.667531	-286.453328	0	T:11777.0(53.96%),B:12776.5(45.93%),P:1e-124	Tpos:99.4,Tstd:56.3,Bpos:99.9,Bstd:59.8,StrandBias:0.0,Multiplicity:1.34
0.113	0.061	0.714	0.112
0.079	0.751	0.154	0.016
0.183	0.636	0.086	0.095
0.047	0.082	0.084	0.787
0.108	0.051	0.036	0.805
0.054	0.076	0.114	0.756
0.067	0.796	0.062	0.075
0.073	0.757	0.089	0.081
>CCAATSAG	11-CCAATSAG	7.294144	-274.848000	0	T:1144.0(5.24%),B:680.9(2.45%),P:1e-119	Tpos:106.5,Tstd:58.2,Bpos:92.3,Bstd:60.2,StrandBias:-0.0,Multiplicity:1.04
0.001	0.941	0.057	0.001
0.055	0.609	0.171	0.165
0.782	0.133	0.053	0.032
0.907	0.001	0.091	0.001
0.001	0.048	0.001	0.950
0.117	0.454	0.371	0.058
0.561	0.316	0.071	0.052
0.001	0.060	0.886	0.053
>NTTACGYA	12-NTTACGYA	5.609019	-241.912449	0	T:2727.0(12.50%),B:2271.5(8.17%),P:1e-105	Tpos:103.0,Tstd:56.3,Bpos:96.8,Bstd:61.1,StrandBias:0.1,Multiplicity:1.10
0.185	0.291	0.318	0.206
0.001	0.001	0.001	0.997
0.108	0.001	0.353	0.538
0.777	0.001	0.221	0.001
0.001	0.974	0.024	0.001
0.023	0.083	0.736	0.158
0.041	0.449	0.001	0.509
0.516	0.316	0.148	0.020
>TTWKGCAA	13-TTWKGCAA	6.558410	-193.157735	0	T:2559.0(11.73%),B:2207.8(7.94%),P:1e-83	Tpos:101.7,Tstd:56.8,Bpos:98.2,Bstd:58.9,StrandBias:-0.0,Multiplicity:1.09
0.001	0.001	0.001	0.997
0.144	0.019	0.283	0.554
0.522	0.001	0.081	0.396
0.001	0.098	0.473	0.428
0.001	0.001	0.997	0.001
0.129	0.757	0.001	0.113
0.884	0.001	0.114	0.001
0.917	0.001	0.027	0.055
>GGKTWRGC	14-GGKTWRGC	5.637382	-145.767786	0	T:4247.0(19.46%),B:4233.5(15.22%),P:1e-63	Tpos:100.3,Tstd:57.0,Bpos:101.8,Bstd:61.2,StrandBias:0.1,Multiplicity:1.07
0.001	0.072	0.542	0.385
0.329	0.091	0.579	0.001
0.030	0.001	0.533	0.436
0.001	0.001	0.001	0.997
0.454	0.001	0.001	0.544
0.491	0.001	0.507	0.001
0.001	0.166	0.832	0.001
0.001	0.997	0.001	0.001
>STGCCARS	15-STGCCARS	5.541382	-134.869575	0	T:4581.0(20.99%),B:4665.0(16.77%),P:1e-58	Tpos:99.8,Tstd:56.6,Bpos:99.3,Bstd:56.7,StrandBias:0.0,Multiplicity:1.14
0.001	0.539	0.459	0.001
0.033	0.001	0.001	0.965
0.001	0.001	0.997	0.001
0.001	0.997	0.001	0.001
0.001	0.997	0.001	0.001
0.997	0.001	0.001	0.001
0.519	0.001	0.479	0.001
0.001	0.501	0.497	0.001
>AACCGACG	16-AACCGACG	4.781775	-133.966199	0	T:3725.0(17.07%),B:3679.1(13.23%),P:1e-58	Tpos:99.5,Tstd:56.1,Bpos:100.9,Bstd:62.8,StrandBias:-0.0,Multiplicity:1.08
0.815	0.014	0.079	0.092
0.764	0.063	0.104	0.069
0.063	0.668	0.187	0.082
0.072	0.821	0.076	0.031
0.110	0.041	0.782	0.067
0.815	0.030	0.030	0.125
0.095	0.711	0.061	0.133
0.047	0.212	0.626	0.115
>CGCTTGCG	17-CGCTTGCG	6.355211	-123.129637	0	T:2123.0(9.73%),B:1925.6(6.92%),P:1e-53	Tpos:100.5,Tstd:57.0,Bpos:99.6,Bstd:62.7,StrandBias:0.0,Multiplicity:1.12
0.128	0.526	0.116	0.230
0.001	0.001	0.722	0.276
0.063	0.575	0.001	0.361
0.218	0.150	0.001	0.631
0.121	0.001	0.001	0.877
0.090	0.126	0.783	0.001
0.001	0.997	0.001	0.001
0.001	0.001	0.887	0.111
>CTCCWCCC	18-CTCCWCCC	7.755563	-112.816403	0	T:2500.0(11.46%),B:2372.7(8.53%),P:1e-48	Tpos:100.5,Tstd:55.5,Bpos:98.9,Bstd:54.4,StrandBias:-0.1,Multiplicity:1.08
0.001	0.997	0.001	0.001
0.001	0.001	0.001	0.997
0.065	0.933	0.001	0.001
0.001	0.997	0.001	0.001
0.440	0.001	0.001	0.558
0.001	0.997	0.001	0.001
0.001	0.997	0.001	0.001
0.001	0.997	0.001	0.001
>GCCTAAGG	19-GCCTAAGG	7.622382	-92.961408	0	T:1649.0(7.56%),B:1500.6(5.39%),P:1e-40	Tpos:100.8,Tstd:57.9,Bpos:102.2,Bstd:58.8,StrandBias:-0.1,Multiplicity:1.04
0.001	0.001	0.997	0.001
0.085	0.913	0.001	0.001
0.013	0.971	0.015	0.001
0.001	0.001	0.001	0.997
0.503	0.155	0.273	0.069
0.843	0.014	0.001	0.142
0.001	0.001	0.997	0.001
0.001	0.001	0.899	0.099
>TTTGGCGC	20-TTTGGCGC	6.190305	-80.607855	0	T:2262.0(10.36%),B:2222.8(7.99%),P:1e-35	Tpos:96.7,Tstd:55.5,Bpos:103.1,Bstd:60.3,StrandBias:0.1,Multiplicity:1.04
0.001	0.111	0.001	0.887
0.024	0.071	0.050	0.855
0.001	0.001	0.001	0.997
0.170	0.001	0.828	0.001
0.064	0.001	0.920	0.015
0.085	0.853	0.025	0.037
0.187	0.060	0.701	0.052
0.001	0.976	0.001	0.022
>ATTGCTCA	21-ATTGCTCA	7.318845	-77.655483	0	T:570.0(2.61%),B:418.8(1.51%),P:1e-33	Tpos:101.4,Tstd:55.2,Bpos:99.0,Bstd:57.8,StrandBias:0.1,Multiplicity:1.01
0.997	0.001	0.001	0.001
0.001	0.001	0.001	0.997
0.001	0.001	0.001	0.997
0.001	0.189	0.809	0.001
0.001	0.997	0.001	0.001
0.001	0.001	0.001	0.997
0.124	0.874	0.001	0.001
0.997	0.001	0.001	0.001
>TCGGATCG	22-TCGGATCG	6.642986	-76.332383	0	T:1631.0(7.47%),B:1533.7(5.51%),P:1e-33	Tpos:98.1,Tstd:57.8,Bpos:99.3,Bstd:63.3,StrandBias:0.1,Multiplicity:1.05
0.001	0.327	0.001	0.671
0.350	0.648	0.001	0.001
0.210	0.120	0.669	0.001
0.001	0.001	0.921	0.077
0.997	0.001	0.001	0.001
0.303	0.001	0.188	0.508
0.322	0.676	0.001	0.001
0.001	0.001	0.730	0.268
>TCTCGCGA	23-TCTCGCGA	6.259608	-65.925831	0	T:1339.0(6.14%),B:1247.5(4.48%),P:1e-28	Tpos:99.1,Tstd:56.8,Bpos:98.9,Bstd:63.6,StrandBias:0.0,Multiplicity:1.06
0.033	0.070	0.001	0.896
0.028	0.893	0.029	0.050
0.032	0.001	0.036	0.931
0.013	0.920	0.030	0.037
0.015	0.050	0.934	0.001
0.001	0.862	0.136	0.001
0.016	0.018	0.965	0.001
0.830	0.095	0.035	0.040
>TCGCGATT	24-TCGCGATT	8.236954	-55.179188	0	T:35.0(0.16%),B:4.3(0.02%),P:1e-23	Tpos:90.2,Tstd:66.2,Bpos:59.2,Bstd:51.6,StrandBias:1.7,Multiplicity:1.00
0.100	0.100	0.100	0.700
0.100	0.700	0.100	0.100
0.100	0.100	0.700	0.100
0.100	0.700	0.100	0.100
0.100	0.100	0.700	0.100
0.700	0.100	0.100	0.100
0.100	0.100	0.100	0.700
0.100	0.100	0.100	0.700
>GCGAGTTA	25-GCGAGTTA	7.461258	-45.823001	0	T:289.0(1.32%),B:203.3(0.73%),P:1e-19	Tpos:108.0,Tstd:56.7,Bpos:103.4,Bstd:61.8,StrandBias:0.1,Multiplicity:1.01
0.001	0.001	0.930	0.068
0.001	0.736	0.262	0.001
0.001	0.018	0.934	0.047
0.926	0.072	0.001	0.001
0.001	0.029	0.883	0.087
0.001	0.027	0.020	0.952
0.055	0.161	0.001	0.783
0.876	0.043	0.057	0.024
