>NVTGASTCABMV	1-NVTGASTCABMV	6.695486	-3039.660894	0	T:3183.0(14.58%),B:725.4(2.61%),P:1e-1320	Tpos:99.7,Tstd:53.7,Bpos:100.7,Bstd:55.5,StrandBias:-0.0,Multiplicity:1.14
0.288	0.175	0.301	0.236
0.333	0.286	0.370	0.010
0.003	0.004	0.006	0.987
0.001	0.001	0.984	0.014
0.972	0.007	0.009	0.012
0.028	0.463	0.457	0.052
0.007	0.004	0.010	0.979
0.021	0.971	0.004	0.004
0.969	0.019	0.002	0.010
0.027	0.335	0.288	0.349
0.245	0.371	0.203	0.181
0.205	0.351	0.245	0.199
>BCTGATTGGCYG	2-BCTGATTGGCYG	7.560604	-564.184285	0	T:1845.0(8.45%),B:986.3(3.55%),P:1e-245	Tpos:99.7,Tstd:54.9,Bpos:86.5,Bstd:57.2,StrandBias:0.1,Multiplicity:1.23
0.102	0.311	0.249	0.338
0.055	0.516	0.259	0.170
0.012	0.312	0.157	0.519
0.056	0.314	0.513	0.117
0.948	0.001	0.027	0.024
0.001	0.003	0.001	0.995
0.017	0.001	0.001	0.981
0.012	0.005	0.950	0.033
0.032	0.003	0.959	0.006
0.099	0.582	0.075	0.244
0.098	0.329	0.112	0.462
0.250	0.159	0.457	0.134
>GGGGCGGGGCHN	3-GGGGCGGGGCHN	7.370590	-549.941059	0	T:5897.0(27.02%),B:4995.0(17.96%),P:1e-238	Tpos:99.5,Tstd:54.4,Bpos:95.0,Bstd:55.4,StrandBias:0.0,Multiplicity:1.36
0.273	0.081	0.450	0.196
0.163	0.001	0.835	0.001
0.001	0.001	0.997	0.001
0.001	0.001	0.997	0.001
0.077	0.577	0.001	0.345
0.001	0.001	0.997	0.001
0.001	0.001	0.816	0.182
0.275	0.001	0.723	0.001
0.163	0.001	0.835	0.001
0.060	0.938	0.001	0.001
0.194	0.312	0.168	0.327
0.270	0.208	0.268	0.253
>NNDRTGACTAAK	4-NNDRTGACTAAK	8.166711	-456.575441	0	T:771.0(3.53%),B:266.8(0.96%),P:1e-198	Tpos:99.7,Tstd:53.2,Bpos:108.3,Bstd:53.6,StrandBias:0.2,Multiplicity:1.02
0.331	0.215	0.256	0.198
0.237	0.217	0.313	0.233
0.284	0.097	0.361	0.258
0.447	0.118	0.434	0.001
0.001	0.001	0.001	0.997
0.001	0.001	0.997	0.001
0.905	0.038	0.004	0.053
0.001	0.700	0.298	0.001
0.001	0.012	0.001	0.986
0.958	0.001	0.001	0.040
0.990	0.008	0.001	0.001
0.050	0.148	0.423	0.379
>TTACCCCGCCCT	5-TTACCCCGCCCT	7.256021	-261.336531	0	T:4074.0(18.67%),B:3671.8(13.20%),P:1e-113	Tpos:101.8,Tstd:55.9,Bpos:97.3,Bstd:56.1,StrandBias:-0.1,Multiplicity:1.10
0.098	0.132	0.063	0.707
0.093	0.165	0.172	0.570
0.546	0.169	0.133	0.152
0.041	0.830	0.086	0.043
0.035	0.844	0.044	0.077
0.046	0.828	0.037	0.089
0.110	0.685	0.054	0.151
0.089	0.077	0.729	0.105
0.026	0.844	0.076	0.054
0.034	0.851	0.042	0.073
0.023	0.868	0.042	0.067
0.081	0.139	0.079	0.701
>TGGGTGTGGCTT	6-TGGGTGTGGCTT	7.975807	-220.202698	0	T:1342.0(6.15%),B:927.9(3.34%),P:1e-95	Tpos:97.1,Tstd:52.9,Bpos:99.6,Bstd:55.1,StrandBias:0.2,Multiplicity:1.04
0.109	0.054	0.101	0.736
0.048	0.034	0.851	0.067
0.058	0.062	0.768	0.112
0.059	0.154	0.726	0.061
0.090	0.087	0.096	0.727
0.039	0.100	0.773	0.088
0.101	0.084	0.086	0.729
0.038	0.046	0.832	0.084
0.047	0.070	0.807	0.076
0.064	0.738	0.101	0.097
0.088	0.129	0.077	0.706
0.064	0.115	0.209	0.612
>NDNYTWMCGDTA	7-NDNYTWMCGDTA	3.490441	-188.912192	0	T:9065.0(41.54%),B:9803.1(35.24%),P:1e-82	Tpos:100.0,Tstd:54.8,Bpos:100.8,Bstd:61.1,StrandBias:-0.0,Multiplicity:1.36
0.271	0.176	0.270	0.283
0.212	0.160	0.311	0.317
0.195	0.331	0.256	0.218
0.223	0.384	0.135	0.257
0.188	0.048	0.182	0.582
0.378	0.110	0.064	0.448
0.304	0.409	0.124	0.164
0.052	0.823	0.123	0.002
0.051	0.114	0.833	0.002
0.207	0.169	0.296	0.328
0.161	0.171	0.150	0.518
0.479	0.197	0.125	0.199
>ACTACAAYTCCC	8-ACTACAAYTCCC	9.283741	-179.369006	0	T:489.0(2.24%),B:234.8(0.84%),P:1e-77	Tpos:106.2,Tstd:54.8,Bpos:90.5,Bstd:58.8,StrandBias:-0.0,Multiplicity:1.19
0.921	0.041	0.020	0.018
0.012	0.947	0.007	0.034
0.006	0.082	0.008	0.904
0.852	0.081	0.052	0.015
0.017	0.943	0.026	0.014
0.809	0.051	0.136	0.004
0.617	0.109	0.089	0.185
0.089	0.325	0.195	0.391
0.052	0.085	0.071	0.792
0.021	0.889	0.013	0.077
0.014	0.968	0.004	0.014
0.019	0.967	0.001	0.013
>ACCATTAGTCAC	9-ACCATTAGTCAC	9.519058	-171.367881	0	T:81.0(0.37%),B:5.3(0.02%),P:1e-74	Tpos:103.5,Tstd:58.6,Bpos:89.0,Bstd:41.9,StrandBias:0.0,Multiplicity:1.00
0.675	0.105	0.104	0.116
0.092	0.681	0.141	0.086
0.082	0.785	0.048	0.085
0.743	0.118	0.049	0.090
0.077	0.071	0.078	0.774
0.087	0.115	0.096	0.702
0.773	0.068	0.067	0.092
0.065	0.107	0.752	0.076
0.087	0.092	0.072	0.749
0.056	0.807	0.082	0.055
0.817	0.070	0.038	0.075
0.066	0.746	0.091	0.097
>NCYCTGGAATGY	10-NCYCTGGAATGY	9.782844	-168.064690	0	T:549.0(2.52%),B:290.1(1.04%),P:1e-72	Tpos:100.5,Tstd:55.0,Bpos:100.0,Bstd:53.8,StrandBias:0.1,Multiplicity:1.01
0.235	0.203	0.309	0.254
0.001	0.582	0.180	0.237
0.051	0.424	0.001	0.524
0.001	0.984	0.014	0.001
0.313	0.001	0.001	0.685
0.001	0.001	0.997	0.001
0.001	0.001	0.997	0.001
0.997	0.001	0.001	0.001
0.972	0.001	0.025	0.002
0.061	0.001	0.141	0.797
0.001	0.107	0.644	0.248
0.138	0.376	0.056	0.430
>TGTTGAGCAATC	11-TGTTGAGCAATC	7.101593	-127.719547	0	T:1017.0(4.66%),B:764.5(2.75%),P:1e-55	Tpos:100.8,Tstd:55.5,Bpos:98.1,Bstd:57.6,StrandBias:0.0,Multiplicity:1.02
0.083	0.043	0.100	0.774
0.078	0.095	0.744	0.083
0.075	0.143	0.088	0.694
0.070	0.028	0.111	0.791
0.071	0.096	0.727	0.106
0.758	0.051	0.076	0.115
0.064	0.065	0.835	0.036
0.123	0.707	0.091	0.079
0.850	0.083	0.032	0.035
0.754	0.081	0.106	0.059
0.088	0.100	0.099	0.713
0.110	0.656	0.122	0.112
>TTGCGCATGCGC	12-TTGCGCATGCGC	10.686825	-111.317575	0	T:448.0(2.05%),B:262.0(0.94%),P:1e-48	Tpos:93.9,Tstd:56.4,Bpos:94.9,Bstd:59.7,StrandBias:0.0,Multiplicity:1.09
0.140	0.201	0.236	0.423
0.114	0.110	0.191	0.585
0.028	0.017	0.940	0.015
0.017	0.958	0.020	0.005
0.007	0.011	0.939	0.043
0.008	0.973	0.008	0.011
0.753	0.135	0.044	0.068
0.122	0.043	0.169	0.666
0.001	0.011	0.977	0.011
0.021	0.932	0.020	0.027
0.003	0.008	0.946	0.043
0.011	0.910	0.011	0.068
>TTGCCTCAGGGC	13-TTGCCTCAGGGC	8.889611	-102.753700	0	T:793.0(3.63%),B:590.7(2.12%),P:1e-44	Tpos:100.4,Tstd:55.7,Bpos:96.8,Bstd:56.8,StrandBias:-0.0,Multiplicity:1.02
0.033	0.169	0.079	0.719
0.064	0.049	0.139	0.748
0.020	0.075	0.856	0.049
0.021	0.889	0.037	0.053
0.026	0.927	0.017	0.030
0.047	0.154	0.019	0.780
0.066	0.776	0.110	0.048
0.801	0.058	0.042	0.099
0.035	0.017	0.930	0.018
0.016	0.024	0.914	0.046
0.013	0.066	0.882	0.039
0.053	0.778	0.087	0.082
>GCSGCTCTAGTC	14-GCSGCTCTAGTC	12.771941	-86.395063	0	T:31.0(0.14%),B:1.4(0.01%),P:1e-37	Tpos:135.2,Tstd:60.5,Bpos:20.0,Bstd:0.0,StrandBias:1.0,Multiplicity:1.00
0.001	0.001	0.997	0.001
0.070	0.928	0.001	0.001
0.131	0.368	0.500	0.001
0.001	0.025	0.973	0.001
0.001	0.997	0.001	0.001
0.001	0.001	0.001	0.997
0.001	0.997	0.001	0.001
0.071	0.001	0.281	0.647
0.997	0.001	0.001	0.001
0.001	0.001	0.997	0.001
0.001	0.001	0.025	0.973
0.001	0.997	0.001	0.001
>GGTTTTTGCTGG	15-GGTTTTTGCTGG	12.537019	-81.270105	0	T:41.0(0.19%),B:3.3(0.01%),P:1e-35	Tpos:91.9,Tstd:57.6,Bpos:102.4,Bstd:20.4,StrandBias:0.8,Multiplicity:1.00
0.081	0.001	0.917	0.001
0.001	0.015	0.983	0.001
0.045	0.045	0.016	0.894
0.001	0.001	0.001	0.997
0.001	0.001	0.015	0.983
0.001	0.175	0.001	0.823
0.001	0.081	0.001	0.917
0.016	0.044	0.939	0.001
0.016	0.901	0.082	0.001
0.001	0.001	0.001	0.997
0.001	0.001	0.873	0.125
0.001	0.176	0.807	0.016
>GTACGCATGCGT	16-GTACGCATGCGT	12.435574	-71.881015	0	T:27.0(0.12%),B:1.3(0.00%),P:1e-31	Tpos:83.0,Tstd:55.6,Bpos:26.0,Bstd:0.0,StrandBias:-0.4,Multiplicity:1.07
0.008	0.163	0.614	0.215
0.103	0.069	0.112	0.716
0.997	0.001	0.001	0.001
0.001	0.723	0.001	0.275
0.001	0.001	0.997	0.001
0.001	0.997	0.001	0.001
0.997	0.001	0.001	0.001
0.001	0.001	0.275	0.723
0.001	0.001	0.997	0.001
0.001	0.997	0.001	0.001
0.001	0.001	0.997	0.001
0.001	0.194	0.145	0.660
>ACAGCTAACTTG	17-ACAGCTAACTTG	11.070146	-68.683764	0	T:32.0(0.15%),B:2.5(0.01%),P:1e-29	Tpos:103.7,Tstd:53.1,Bpos:18.4,Bstd:9.4,StrandBias:-0.4,Multiplicity:1.00
0.997	0.001	0.001	0.001
0.037	0.951	0.011	0.001
0.977	0.001	0.021	0.001
0.001	0.001	0.997	0.001
0.001	0.783	0.001	0.215
0.037	0.001	0.011	0.951
0.925	0.037	0.037	0.001
0.783	0.001	0.215	0.001
0.001	0.783	0.215	0.001
0.011	0.037	0.001	0.951
0.001	0.001	0.001	0.997
0.001	0.103	0.895	0.001
>TAATTCCCGCTC	18-TAATTCCCGCTC	10.083310	-65.953294	0	T:98.0(0.45%),B:31.6(0.11%),P:1e-28	Tpos:99.6,Tstd:60.0,Bpos:117.5,Bstd:49.7,StrandBias:0.7,Multiplicity:1.00
0.101	0.128	0.017	0.754
0.845	0.103	0.026	0.026
0.898	0.052	0.033	0.017
0.017	0.137	0.062	0.784
0.024	0.042	0.017	0.917
0.066	0.851	0.050	0.033
0.086	0.846	0.009	0.059
0.084	0.777	0.026	0.113
0.027	0.062	0.748	0.163
0.009	0.912	0.017	0.062
0.026	0.121	0.035	0.818
0.001	0.868	0.043	0.088
>GCTGCTGAKTAG	19-GCTGCTGAKTAG	11.429376	-65.115844	0	T:39.0(0.18%),B:4.3(0.02%),P:1e-28	Tpos:102.9,Tstd:60.1,Bpos:175.0,Bstd:0.0,StrandBias:0.0,Multiplicity:1.00
0.041	0.041	0.917	0.001
0.082	0.916	0.001	0.001
0.001	0.001	0.154	0.844
0.041	0.041	0.917	0.001
0.001	0.997	0.001	0.001
0.001	0.001	0.001	0.997
0.001	0.004	0.672	0.323
0.796	0.202	0.001	0.001
0.001	0.041	0.438	0.520
0.001	0.010	0.001	0.988
0.838	0.160	0.001	0.001
0.052	0.083	0.824	0.041
>GCTATTACTCAG	20-GCTATTACTCAG	12.301466	-64.488138	0	T:35.0(0.16%),B:3.9(0.01%),P:1e-28	Tpos:89.8,Tstd:47.0,Bpos:94.0,Bstd:0.0,StrandBias:0.3,Multiplicity:1.00
0.001	0.001	0.668	0.330
0.001	0.740	0.001	0.258
0.326	0.104	0.001	0.569
0.997	0.001	0.001	0.001
0.001	0.001	0.001	0.997
0.207	0.001	0.001	0.791
0.884	0.001	0.001	0.114
0.001	0.997	0.001	0.001
0.001	0.001	0.001	0.997
0.104	0.688	0.207	0.001
0.997	0.001	0.001	0.001
0.001	0.001	0.997	0.001
>GATAAATCAGGC	21-GATAAATCAGGC	10.409522	-53.920517	0	T:27.0(0.12%),B:2.9(0.01%),P:1e-23	Tpos:122.9,Tstd:46.6,Bpos:106.7,Bstd:36.6,StrandBias:-0.4,Multiplicity:1.00
0.100	0.100	0.700	0.100
0.700	0.100	0.100	0.100
0.100	0.100	0.100	0.700
0.700	0.100	0.100	0.100
0.700	0.100	0.100	0.100
0.700	0.100	0.100	0.100
0.100	0.100	0.100	0.700
0.100	0.700	0.100	0.100
0.700	0.100	0.100	0.100
0.100	0.100	0.700	0.100
0.100	0.100	0.700	0.100
0.100	0.700	0.100	0.100
>TATAGGCTTGTT	22-TATAGGCTTGTT	10.154090	-52.511617	0	T:54.0(0.25%),B:12.1(0.04%),P:1e-22	Tpos:97.8,Tstd:58.3,Bpos:126.3,Bstd:57.0,StrandBias:0.2,Multiplicity:1.00
0.132	0.026	0.065	0.777
0.785	0.101	0.049	0.065
0.027	0.058	0.027	0.888
0.856	0.039	0.039	0.066
0.026	0.001	0.859	0.114
0.039	0.032	0.851	0.078
0.014	0.895	0.026	0.065
0.107	0.088	0.013	0.792
0.001	0.015	0.039	0.945
0.078	0.039	0.772	0.111
0.062	0.039	0.127	0.772
0.026	0.065	0.078	0.831
>AAAVTCTCGCGA	23-AAAVTCTCGCGA	10.854468	-50.759082	0	T:53.0(0.24%),B:12.5(0.04%),P:1e-22	Tpos:94.1,Tstd:61.5,Bpos:98.0,Bstd:78.6,StrandBias:0.2,Multiplicity:1.10
0.893	0.003	0.103	0.001
0.850	0.001	0.083	0.066
0.867	0.001	0.131	0.001
0.293	0.384	0.323	0.001
0.001	0.001	0.001	0.997
0.001	0.997	0.001	0.001
0.001	0.065	0.001	0.933
0.001	0.996	0.002	0.001
0.066	0.182	0.686	0.066
0.001	0.710	0.001	0.288
0.001	0.001	0.997	0.001
0.817	0.181	0.001	0.001
>CGCAACATCCGG	24-CGCAACATCCGG	10.681307	-44.546061	0	T:36.0(0.16%),B:6.8(0.02%),P:1e-19	Tpos:107.0,Tstd:60.2,Bpos:62.2,Bstd:47.7,StrandBias:1.1,Multiplicity:1.00
0.120	0.538	0.266	0.076
0.130	0.173	0.653	0.044
0.068	0.889	0.032	0.011
0.510	0.239	0.116	0.135
0.673	0.043	0.200	0.084
0.012	0.823	0.156	0.009
0.691	0.108	0.053	0.148
0.029	0.134	0.239	0.598
0.001	0.955	0.017	0.027
0.052	0.769	0.021	0.158
0.286	0.062	0.565	0.087
0.029	0.060	0.905	0.006
>TAAGTCCCGCGG	25-TAAGTCCCGCGG	10.409522	-38.906079	0	T:28.0(0.13%),B:4.6(0.02%),P:1e-16	Tpos:92.2,Tstd:48.0,Bpos:163.9,Bstd:1.1,StrandBias:1.1,Multiplicity:1.00
0.100	0.100	0.100	0.700
0.700	0.100	0.100	0.100
0.700	0.100	0.100	0.100
0.100	0.100	0.700	0.100
0.100	0.100	0.100	0.700
0.100	0.700	0.100	0.100
0.100	0.700	0.100	0.100
0.100	0.700	0.100	0.100
0.100	0.100	0.700	0.100
0.100	0.700	0.100	0.100
0.100	0.100	0.700	0.100
0.100	0.100	0.700	0.100
