>GCCCCGCCCY	1-GCCCCGCCCY	8.143913	-273.930778	0	T:2052.0(16.42%),B:3649.7(9.72%),P:1e-118	Tpos:98.8,Tstd:55.3,Bpos:93.2,Bstd:55.1,StrandBias:-0.0,Multiplicity:1.48
0.149	0.001	0.616	0.234
0.136	0.639	0.054	0.171
0.231	0.568	0.001	0.200
0.297	0.701	0.001	0.001
0.001	0.997	0.001	0.001
0.211	0.001	0.704	0.084
0.001	0.997	0.001	0.001
0.001	0.997	0.001	0.001
0.089	0.639	0.001	0.271
0.232	0.370	0.001	0.397
>KCYGATTGGC	2-KCYGATTGGC	6.939091	-260.480386	0	T:1141.0(9.13%),B:1652.0(4.40%),P:1e-113	Tpos:100.2,Tstd:54.3,Bpos:93.7,Bstd:58.2,StrandBias:-0.1,Multiplicity:1.25
0.091	0.146	0.342	0.422
0.087	0.548	0.180	0.185
0.001	0.487	0.088	0.424
0.023	0.211	0.633	0.133
0.918	0.001	0.055	0.026
0.001	0.010	0.001	0.988
0.023	0.001	0.001	0.975
0.001	0.001	0.995	0.003
0.003	0.001	0.995	0.001
0.104	0.602	0.048	0.246
>NTGAVTCABN	3-NTGAVTCABN	5.956108	-249.061900	0	T:1044.0(8.35%),B:1480.0(3.94%),P:1e-108	Tpos:103.2,Tstd:54.2,Bpos:102.0,Bstd:58.9,StrandBias:0.0,Multiplicity:1.10
0.304	0.303	0.237	0.156
0.207	0.001	0.189	0.603
0.001	0.090	0.599	0.310
0.877	0.121	0.001	0.001
0.194	0.344	0.292	0.170
0.136	0.001	0.223	0.640
0.301	0.491	0.001	0.206
0.997	0.001	0.001	0.001
0.176	0.220	0.261	0.343
0.210	0.305	0.237	0.249
>AAAAGGGCGG	4-AAAAGGGCGG	6.471784	-145.873434	0	T:1880.0(15.04%),B:3825.6(10.19%),P:1e-63	Tpos:100.7,Tstd:55.0,Bpos:100.0,Bstd:56.0,StrandBias:-0.0,Multiplicity:1.10
0.564	0.142	0.142	0.152
0.743	0.096	0.081	0.080
0.538	0.035	0.283	0.144
0.649	0.087	0.159	0.105
0.167	0.043	0.737	0.053
0.141	0.020	0.768	0.071
0.147	0.019	0.833	0.001
0.088	0.582	0.200	0.130
0.019	0.057	0.860	0.064
0.129	0.065	0.783	0.023
>GCCCAATGGA	5-GCCCAATGGA	6.296458	-71.613890	0	T:1753.0(14.03%),B:4001.8(10.66%),P:1e-31	Tpos:103.8,Tstd:53.6,Bpos:99.2,Bstd:58.4,StrandBias:0.0,Multiplicity:1.07
0.041	0.058	0.864	0.037
0.084	0.785	0.043	0.088
0.065	0.834	0.074	0.027
0.092	0.769	0.036	0.103
0.778	0.094	0.070	0.058
0.750	0.077	0.096	0.077
0.074	0.047	0.085	0.794
0.064	0.038	0.858	0.040
0.089	0.045	0.806	0.060
0.764	0.090	0.072	0.074
>ACTWCCGRGR	6-ACTWCCGRGR	6.818229	-59.645858	0	T:314.0(2.51%),B:487.2(1.30%),P:1e-25	Tpos:98.9,Tstd:52.9,Bpos:98.2,Bstd:56.8,StrandBias:-0.2,Multiplicity:1.04
0.756	0.075	0.168	0.001
0.178	0.564	0.163	0.095
0.221	0.144	0.001	0.634
0.331	0.001	0.241	0.427
0.221	0.675	0.076	0.028
0.001	0.771	0.227	0.001
0.001	0.001	0.997	0.001
0.291	0.197	0.415	0.097
0.239	0.104	0.444	0.213
0.356	0.140	0.308	0.196
>GTCAGTCAGT	7-GTCAGTCAGT	6.457452	-56.597550	0	T:1428.0(11.42%),B:3267.7(8.71%),P:1e-24	Tpos:98.5,Tstd:55.8,Bpos:99.7,Bstd:58.1,StrandBias:0.1,Multiplicity:1.06
0.086	0.057	0.795	0.062
0.082	0.072	0.104	0.742
0.077	0.817	0.041	0.065
0.859	0.039	0.050	0.052
0.055	0.057	0.830	0.058
0.089	0.074	0.059	0.778
0.055	0.850	0.049	0.046
0.827	0.050	0.042	0.081
0.058	0.090	0.752	0.100
0.057	0.106	0.083	0.754
>TGACGTAACG	8-TGACGTAACG	4.991668	-54.317449	0	T:790.0(6.32%),B:1634.4(4.35%),P:1e-23	Tpos:102.4,Tstd:54.5,Bpos:95.9,Bstd:56.4,StrandBias:-0.1,Multiplicity:1.07
0.108	0.079	0.104	0.709
0.074	0.116	0.709	0.101
0.735	0.082	0.106	0.077
0.087	0.715	0.106	0.092
0.099	0.109	0.697	0.095
0.095	0.093	0.095	0.717
0.681	0.130	0.122	0.067
0.710	0.098	0.120	0.072
0.111	0.678	0.106	0.105
0.112	0.112	0.648	0.128
>CACACCCTTT	9-CACACCCTTT	4.982351	-53.923567	0	T:2767.0(22.14%),B:6963.8(18.55%),P:1e-23	Tpos:97.7,Tstd:55.6,Bpos:100.2,Bstd:56.7,StrandBias:0.0,Multiplicity:1.13
0.106	0.693	0.107	0.094
0.695	0.116	0.082	0.107
0.107	0.708	0.093	0.092
0.710	0.086	0.085	0.119
0.086	0.700	0.129	0.085
0.101	0.673	0.119	0.107
0.111	0.724	0.085	0.080
0.107	0.098	0.086	0.709
0.093	0.106	0.102	0.699
0.092	0.111	0.107	0.690
>MGCATGCGCV	10-MGCATGCGCV	6.133748	-51.276416	0	T:573.0(4.58%),B:1117.2(2.98%),P:1e-22	Tpos:100.1,Tstd:54.3,Bpos:96.2,Bstd:57.9,StrandBias:-0.1,Multiplicity:1.19
0.330	0.469	0.142	0.059
0.127	0.029	0.723	0.121
0.321	0.562	0.029	0.088
0.420	0.213	0.168	0.198
0.239	0.173	0.170	0.418
0.085	0.035	0.720	0.160
0.015	0.759	0.213	0.013
0.024	0.028	0.611	0.337
0.155	0.473	0.080	0.292
0.341	0.274	0.286	0.099
>CAAACCGGAA	11-CAAACCGGAA	6.184899	-50.530741	0	T:1352.0(10.82%),B:3119.2(8.31%),P:1e-21	Tpos:98.9,Tstd:55.2,Bpos:100.8,Bstd:56.0,StrandBias:0.0,Multiplicity:1.07
0.092	0.716	0.108	0.084
0.701	0.113	0.093	0.093
0.669	0.110	0.118	0.103
0.661	0.114	0.125	0.100
0.083	0.735	0.099	0.083
0.106	0.709	0.097	0.088
0.116	0.098	0.673	0.113
0.091	0.095	0.733	0.081
0.715	0.087	0.111	0.087
0.690	0.104	0.123	0.083
>GGCGGAATTC	12-GGCGGAATTC	6.337819	-49.373362	0	T:1191.0(9.53%),B:2703.6(7.20%),P:1e-21	Tpos:99.9,Tstd:56.1,Bpos:100.5,Bstd:57.4,StrandBias:0.1,Multiplicity:1.06
0.042	0.058	0.842	0.058
0.068	0.086	0.805	0.041
0.071	0.778	0.048	0.103
0.081	0.019	0.802	0.098
0.045	0.062	0.847	0.046
0.793	0.094	0.072	0.041
0.757	0.057	0.065	0.121
0.035	0.096	0.123	0.746
0.055	0.069	0.069	0.807
0.077	0.827	0.040	0.056
>TTCCCCATAG	13-TTCCCCATAG	10.512446	-44.712499	0	T:15.0(0.12%),B:1.9(0.01%),P:1e-19	Tpos:89.1,Tstd:43.5,Bpos:112.7,Bstd:45.1,StrandBias:-0.6,Multiplicity:1.00
0.001	0.001	0.001	0.997
0.001	0.001	0.001	0.997
0.100	0.898	0.001	0.001
0.001	0.997	0.001	0.001
0.001	0.958	0.040	0.001
0.001	0.997	0.001	0.001
0.997	0.001	0.001	0.001
0.001	0.001	0.001	0.997
0.997	0.001	0.001	0.001
0.001	0.001	0.997	0.001
>AATCCCGACC	14-AATCCCGACC	10.310239	-41.052306	0	T:17.0(0.14%),B:2.3(0.01%),P:1e-17	Tpos:90.4,Tstd:48.2,Bpos:148.6,Bstd:21.1,StrandBias:-0.9,Multiplicity:1.00
0.997	0.001	0.001	0.001
0.997	0.001	0.001	0.001
0.001	0.001	0.001	0.997
0.001	0.997	0.001	0.001
0.001	0.917	0.081	0.001
0.001	0.997	0.001	0.001
0.001	0.001	0.997	0.001
0.997	0.001	0.001	0.001
0.001	0.997	0.001	0.001
0.001	0.966	0.032	0.001
>AAGTAACCAC	15-AAGTAACCAC	7.542240	-34.520566	0	T:616.0(4.93%),B:1328.5(3.54%),P:1e-14	Tpos:102.6,Tstd:54.7,Bpos:101.7,Bstd:57.6,StrandBias:-0.1,Multiplicity:1.02
0.648	0.197	0.059	0.096
0.952	0.001	0.001	0.046
0.001	0.001	0.997	0.001
0.163	0.193	0.083	0.561
0.860	0.138	0.001	0.001
0.776	0.085	0.117	0.022
0.125	0.722	0.141	0.012
0.156	0.819	0.001	0.024
0.997	0.001	0.001	0.001
0.001	0.669	0.150	0.180
>GTCAACTCAC	16-GTCAACTCAC	8.868673	-28.477255	0	T:119.0(0.95%),B:171.7(0.46%),P:1e-12	Tpos:110.1,Tstd:53.7,Bpos:97.8,Bstd:57.6,StrandBias:0.3,Multiplicity:1.01
0.097	0.186	0.716	0.001
0.001	0.001	0.001	0.997
0.382	0.616	0.001	0.001
0.861	0.137	0.001	0.001
0.796	0.001	0.202	0.001
0.074	0.924	0.001	0.001
0.001	0.033	0.001	0.965
0.261	0.512	0.226	0.001
0.749	0.232	0.001	0.018
0.001	0.788	0.129	0.082
>CTCGCGAGAK	17-CTCGCGAGAK	8.663679	-28.446095	0	T:133.0(1.06%),B:200.8(0.54%),P:1e-12	Tpos:94.1,Tstd:52.9,Bpos:96.0,Bstd:63.0,StrandBias:-0.3,Multiplicity:1.02
0.069	0.885	0.045	0.001
0.063	0.017	0.269	0.651
0.001	0.918	0.016	0.065
0.056	0.001	0.942	0.001
0.001	0.802	0.182	0.015
0.016	0.030	0.945	0.009
0.702	0.275	0.022	0.001
0.001	0.124	0.814	0.061
0.520	0.226	0.121	0.133
0.130	0.159	0.389	0.323
>GCAGTTTTGC	18-GCAGTTTTGC	12.019488	-27.491482	0	T:27.0(0.22%),B:14.0(0.04%),P:1e-11	Tpos:90.2,Tstd:46.7,Bpos:90.7,Bstd:53.0,StrandBias:0.3,Multiplicity:1.00
0.001	0.001	0.997	0.001
0.001	0.772	0.001	0.226
0.997	0.001	0.001	0.001
0.210	0.001	0.788	0.001
0.001	0.001	0.001	0.997
0.001	0.001	0.001	0.997
0.001	0.001	0.001	0.997
0.001	0.001	0.001	0.997
0.001	0.001	0.997	0.001
0.001	0.997	0.001	0.001
>TTCCGGCGCT	19-TTCCGGCGCT	11.358964	-27.342830	0	T:16.0(0.13%),B:4.3(0.01%),P:1e-11	Tpos:120.6,Tstd:64.6,Bpos:140.6,Bstd:58.9,StrandBias:-0.7,Multiplicity:1.00
0.001	0.001	0.001	0.997
0.001	0.001	0.001	0.997
0.001	0.997	0.001	0.001
0.001	0.997	0.001	0.001
0.001	0.001	0.997	0.001
0.001	0.001	0.997	0.001
0.001	0.997	0.001	0.001
0.001	0.001	0.997	0.001
0.001	0.914	0.084	0.001
0.001	0.001	0.001	0.997
>TGATAACACG	20-TGATAACACG	11.625078	-24.850648	0	T:15.0(0.12%),B:4.7(0.01%),P:1e-10	Tpos:109.7,Tstd:62.5,Bpos:125.3,Bstd:53.1,StrandBias:0.6,Multiplicity:1.00
0.001	0.001	0.001	0.997
0.001	0.001	0.997	0.001
0.997	0.001	0.001	0.001
0.001	0.001	0.001	0.997
0.640	0.001	0.001	0.358
0.997	0.001	0.001	0.001
0.001	0.640	0.001	0.358
0.997	0.001	0.001	0.001
0.266	0.732	0.001	0.001
0.001	0.001	0.997	0.001
>TCAGCTTAAA	21-TCAGCTTAAA	10.507226	-23.203709	0	T:27.0(0.22%),B:17.8(0.05%),P:1e-10	Tpos:100.8,Tstd:48.1,Bpos:118.0,Bstd:46.3,StrandBias:1.4,Multiplicity:1.00
0.001	0.001	0.001	0.997
0.001	0.997	0.001	0.001
0.913	0.043	0.043	0.001
0.001	0.001	0.997	0.001
0.001	0.997	0.001	0.001
0.001	0.001	0.001	0.997
0.167	0.001	0.001	0.831
0.997	0.001	0.001	0.001
0.997	0.001	0.001	0.001
0.997	0.001	0.001	0.001
>GCCGCCAGAT	22-GCCGCCAGAT	11.833422	-19.388266	0	T:15.0(0.12%),B:6.1(0.02%),P:1e-8	Tpos:116.1,Tstd:49.0,Bpos:95.6,Bstd:56.2,StrandBias:0.0,Multiplicity:1.00
0.001	0.001	0.997	0.001
0.001	0.997	0.001	0.001
0.001	0.997	0.001	0.001
0.001	0.001	0.997	0.001
0.001	0.997	0.001	0.001
0.001	0.863	0.001	0.135
0.997	0.001	0.001	0.001
0.001	0.001	0.997	0.001
0.997	0.001	0.001	0.001
0.001	0.001	0.001	0.997
>ATGCCATGAG	23-ATGCCATGAG	10.296193	-17.775281	0	T:12.0(0.10%),B:4.4(0.01%),P:1e-7	Tpos:98.1,Tstd:59.3,Bpos:61.0,Bstd:28.9,StrandBias:2.3,Multiplicity:1.00
0.700	0.100	0.100	0.100
0.100	0.100	0.100	0.700
0.100	0.100	0.700	0.100
0.100	0.700	0.100	0.100
0.100	0.700	0.100	0.100
0.700	0.100	0.100	0.100
0.100	0.100	0.100	0.700
0.100	0.100	0.700	0.100
0.700	0.100	0.100	0.100
0.100	0.100	0.700	0.100
>GTTTGGTGAG	24-GTTTGGTGAG	11.005684	-17.467962	0	T:13.0(0.10%),B:6.0(0.02%),P:1e-7	Tpos:97.0,Tstd:53.7,Bpos:91.5,Bstd:62.9,StrandBias:-1.2,Multiplicity:1.00
0.001	0.001	0.997	0.001
0.001	0.001	0.001	0.997
0.001	0.001	0.001	0.997
0.001	0.001	0.001	0.997
0.001	0.001	0.997	0.001
0.001	0.001	0.997	0.001
0.001	0.001	0.001	0.997
0.001	0.001	0.997	0.001
0.939	0.059	0.001	0.001
0.001	0.001	0.997	0.001
>GGACACGTGA	25-GGACACGTGA	11.698831	-17.362172	0	T:14.0(0.11%),B:6.4(0.02%),P:1e-7	Tpos:95.2,Tstd:50.4,Bpos:102.7,Bstd:39.0,StrandBias:-0.7,Multiplicity:1.00
0.001	0.001	0.880	0.118
0.001	0.001	0.997	0.001
0.997	0.001	0.001	0.001
0.001	0.997	0.001	0.001
0.997	0.001	0.001	0.001
0.001	0.997	0.001	0.001
0.001	0.001	0.997	0.001
0.001	0.001	0.001	0.997
0.001	0.001	0.997	0.001
0.997	0.001	0.001	0.001
>KCYGATTGGCYG	1-KCYGATTGGCYG	8.237229	-294.715169	0	T:745.0(5.96%),B:810.9(2.16%),P:1e-127	Tpos:101.8,Tstd:53.1,Bpos:87.8,Bstd:57.0,StrandBias:-0.1,Multiplicity:1.17
0.001	0.231	0.350	0.418
0.017	0.608	0.158	0.217
0.001	0.404	0.098	0.497
0.001	0.374	0.549	0.076
0.958	0.001	0.032	0.009
0.001	0.001	0.009	0.989
0.001	0.001	0.001	0.997
0.001	0.001	0.997	0.001
0.001	0.001	0.997	0.001
0.064	0.630	0.066	0.240
0.024	0.429	0.061	0.486
0.228	0.243	0.453	0.075
>HDGCCCCGCCCC	2-HDGCCCCGCCCC	8.863691	-284.495619	0	T:1648.0(13.19%),B:2679.7(7.14%),P:1e-123	Tpos:99.4,Tstd:54.6,Bpos:91.4,Bstd:53.6,StrandBias:-0.0,Multiplicity:1.35
0.228	0.266	0.147	0.359
0.236	0.153	0.375	0.236
0.151	0.041	0.686	0.122
0.043	0.658	0.138	0.161
0.113	0.665	0.001	0.221
0.151	0.842	0.001	0.006
0.055	0.933	0.001	0.011
0.251	0.001	0.611	0.137
0.001	0.997	0.001	0.001
0.001	0.997	0.001	0.001
0.001	0.752	0.001	0.246
0.225	0.462	0.035	0.278
>NNVTGASTCAYN	3-NNVTGASTCAYN	4.124952	-218.332982	0	T:666.0(5.33%),B:805.9(2.15%),P:1e-94	Tpos:102.5,Tstd:53.5,Bpos:102.6,Bstd:57.8,StrandBias:0.0,Multiplicity:1.08
0.243	0.271	0.229	0.258
0.270	0.212	0.331	0.187
0.273	0.418	0.307	0.001
0.001	0.001	0.001	0.997
0.001	0.001	0.997	0.001
0.997	0.001	0.001	0.001
0.001	0.497	0.501	0.001
0.001	0.001	0.001	0.997
0.001	0.997	0.001	0.001
0.997	0.001	0.001	0.001
0.001	0.455	0.173	0.371
0.220	0.255	0.227	0.297
>NDSRATTGGNNN	4-NDSRATTGGNNN	6.445875	-93.301938	0	T:1631.0(13.05%),B:3516.7(9.37%),P:1e-40	Tpos:100.9,Tstd:55.3,Bpos:99.4,Bstd:56.6,StrandBias:-0.1,Multiplicity:1.10
0.222	0.198	0.239	0.342
0.250	0.193	0.347	0.210
0.013	0.372	0.389	0.227
0.426	0.002	0.321	0.251
0.997	0.001	0.001	0.001
0.001	0.001	0.001	0.997
0.324	0.050	0.001	0.625
0.001	0.073	0.925	0.001
0.001	0.126	0.872	0.001
0.245	0.301	0.224	0.230
0.271	0.214	0.270	0.245
0.239	0.199	0.310	0.251
>AVATGAATCANW	5-AVATGAATCANW	5.654136	-91.641363	0	T:363.0(2.90%),B:499.7(1.33%),P:1e-39	Tpos:101.6,Tstd:52.2,Bpos:101.8,Bstd:60.1,StrandBias:-0.1,Multiplicity:1.01
0.406	0.180	0.201	0.214
0.347	0.253	0.269	0.132
0.997	0.001	0.001	0.001
0.001	0.106	0.001	0.892
0.001	0.001	0.997	0.001
0.997	0.001	0.001	0.001
0.965	0.001	0.017	0.017
0.001	0.001	0.001	0.997
0.001	0.997	0.001	0.001
0.997	0.001	0.001	0.001
0.180	0.215	0.295	0.311
0.294	0.187	0.163	0.356
>GAGAAGGCGGGG	6-GAGAAGGCGGGG	9.106012	-85.043459	0	T:778.0(6.22%),B:1440.8(3.84%),P:1e-36	Tpos:103.2,Tstd:55.2,Bpos:100.9,Bstd:56.4,StrandBias:0.3,Multiplicity:1.06
0.105	0.054	0.811	0.030
0.813	0.085	0.097	0.005
0.116	0.026	0.857	0.001
0.818	0.077	0.088	0.017
0.808	0.067	0.114	0.011
0.074	0.026	0.855	0.045
0.025	0.002	0.972	0.001
0.055	0.798	0.064	0.083
0.111	0.065	0.730	0.094
0.048	0.010	0.922	0.020
0.108	0.026	0.791	0.075
0.088	0.047	0.825	0.040
>ATTGGTCAAGGC	7-ATTGGTCAAGGC	11.330316	-76.880969	0	T:46.0(0.37%),B:11.3(0.03%),P:1e-33	Tpos:118.5,Tstd:54.7,Bpos:97.3,Bstd:50.8,StrandBias:0.6,Multiplicity:1.00
0.964	0.034	0.001	0.001
0.034	0.001	0.001	0.964
0.001	0.001	0.001	0.997
0.001	0.001	0.929	0.069
0.001	0.192	0.806	0.001
0.142	0.142	0.076	0.640
0.001	0.997	0.001	0.001
0.749	0.249	0.001	0.001
0.774	0.001	0.001	0.224
0.035	0.372	0.592	0.001
0.001	0.104	0.617	0.278
0.001	0.825	0.173	0.001
>ACTTCCGGGTAC	8-ACTTCCGGGTAC	11.117389	-68.826431	0	T:25.0(0.20%),B:2.3(0.01%),P:1e-29	Tpos:108.8,Tstd:53.8,Bpos:100.7,Bstd:2.1,StrandBias:0.1,Multiplicity:1.00
0.576	0.206	0.187	0.031
0.022	0.906	0.040	0.032
0.124	0.066	0.046	0.764
0.018	0.040	0.208	0.734
0.013	0.837	0.026	0.124
0.060	0.863	0.035	0.042
0.069	0.022	0.860	0.049
0.035	0.031	0.912	0.022
0.042	0.201	0.614	0.143
0.170	0.190	0.203	0.437
0.611	0.272	0.073	0.044
0.022	0.714	0.220	0.044
>GAGGCGTTGCCA	9-GAGGCGTTGCCA	10.602100	-66.251689	0	T:90.0(0.72%),B:62.9(0.17%),P:1e-28	Tpos:92.7,Tstd:57.5,Bpos:111.9,Bstd:58.0,StrandBias:0.3,Multiplicity:1.00
0.043	0.035	0.887	0.035
0.831	0.061	0.052	0.056
0.026	0.009	0.939	0.026
0.052	0.035	0.904	0.009
0.084	0.855	0.035	0.026
0.030	0.091	0.788	0.091
0.043	0.162	0.128	0.667
0.017	0.086	0.159	0.738
0.017	0.035	0.878	0.070
0.009	0.904	0.044	0.043
0.035	0.842	0.093	0.030
0.773	0.035	0.136	0.056
>TGTTTATAACCA	10-TGTTTATAACCA	10.823047	-64.658277	0	T:20.0(0.16%),B:0.7(0.00%),P:1e-28	Tpos:98.0,Tstd:57.2,Bpos:142.0,Bstd:0.0,StrandBias:0.6,Multiplicity:1.05
0.069	0.033	0.062	0.836
0.247	0.067	0.614	0.072
0.049	0.057	0.029	0.865
0.058	0.054	0.219	0.669
0.041	0.205	0.050	0.704
0.572	0.238	0.048	0.142
0.088	0.075	0.067	0.770
0.749	0.077	0.080	0.094
0.601	0.035	0.071	0.293
0.069	0.585	0.282	0.064
0.083	0.790	0.050	0.077
0.664	0.052	0.017	0.267
>NNCCCGCCCANN	11-NNCCCGCCCANN	6.534390	-61.544498	0	T:413.0(3.30%),B:697.3(1.86%),P:1e-26	Tpos:102.0,Tstd:52.3,Bpos:96.0,Bstd:54.2,StrandBias:0.1,Multiplicity:1.04
0.210	0.261	0.336	0.193
0.228	0.277	0.208	0.286
0.180	0.509	0.131	0.180
0.137	0.576	0.124	0.163
0.092	0.686	0.149	0.073
0.120	0.047	0.735	0.098
0.159	0.597	0.064	0.180
0.179	0.535	0.135	0.151
0.181	0.477	0.154	0.188
0.767	0.030	0.122	0.081
0.216	0.215	0.297	0.272
0.293	0.243	0.256	0.208
>STGACGTCACBG	12-STGACGTCACBG	6.800537	-57.494502	0	T:668.0(5.34%),B:1314.4(3.50%),P:1e-24	Tpos:104.5,Tstd:53.2,Bpos:94.4,Bstd:55.7,StrandBias:-0.1,Multiplicity:1.07
0.156	0.337	0.468	0.039
0.168	0.197	0.089	0.546
0.065	0.226	0.668	0.041
0.722	0.088	0.140	0.050
0.001	0.920	0.078	0.001
0.014	0.054	0.930	0.002
0.015	0.048	0.019	0.918
0.041	0.811	0.142	0.006
0.829	0.036	0.077	0.058
0.026	0.642	0.215	0.117
0.112	0.357	0.260	0.271
0.133	0.240	0.485	0.143
>TCTCCATTAGGC	13-TCTCCATTAGGC	9.833734	-54.317064	0	T:112.0(0.90%),B:108.0(0.29%),P:1e-23	Tpos:88.2,Tstd:52.9,Bpos:102.9,Bstd:54.3,StrandBias:0.0,Multiplicity:1.01
0.050	0.066	0.112	0.772
0.033	0.873	0.047	0.047
0.020	0.053	0.033	0.894
0.026	0.915	0.046	0.013
0.020	0.941	0.013	0.026
0.789	0.105	0.020	0.086
0.079	0.132	0.095	0.694
0.044	0.128	0.186	0.642
0.838	0.020	0.089	0.053
0.053	0.013	0.908	0.026
0.046	0.020	0.901	0.033
0.046	0.838	0.081	0.035
>CCGCCCTCTTAC	14-CCGCCCTCTTAC	8.576369	-53.734396	0	T:261.0(2.09%),B:393.2(1.05%),P:1e-23	Tpos:97.4,Tstd:53.3,Bpos:97.1,Bstd:56.6,StrandBias:0.2,Multiplicity:1.01
0.082	0.721	0.105	0.092
0.130	0.650	0.083	0.137
0.125	0.139	0.586	0.150
0.070	0.716	0.126	0.088
0.083	0.728	0.086	0.103
0.086	0.734	0.066	0.114
0.104	0.138	0.092	0.666
0.058	0.740	0.108	0.094
0.091	0.156	0.079	0.674
0.091	0.164	0.160	0.585
0.505	0.191	0.151	0.153
0.092	0.692	0.123	0.093
>RVTCTCGCGAGA	15-RVTCTCGCGAGA	9.061593	-47.274822	0	T:96.0(0.77%),B:92.1(0.25%),P:1e-20	Tpos:93.4,Tstd:51.8,Bpos:85.4,Bstd:56.7,StrandBias:0.1,Multiplicity:1.08
0.360	0.210	0.384	0.046
0.249	0.321	0.278	0.152
0.080	0.256	0.052	0.612
0.093	0.860	0.046	0.001
0.058	0.035	0.075	0.832
0.001	0.997	0.001	0.001
0.001	0.001	0.997	0.001
0.001	0.953	0.023	0.023
0.001	0.001	0.997	0.001
0.803	0.139	0.046	0.012
0.046	0.104	0.768	0.082
0.535	0.168	0.250	0.047
>GGGTAAACCATG	16-GGGTAAACCATG	13.147307	-44.712499	0	T:15.0(0.12%),B:1.1(0.00%),P:1e-19	Tpos:98.6,Tstd:52.7,Bpos:0.0,Bstd:0.0,StrandBias:0.2,Multiplicity:1.00
0.001	0.001	0.919	0.079
0.001	0.001	0.997	0.001
0.001	0.080	0.839	0.080
0.197	0.001	0.001	0.801
0.919	0.001	0.079	0.001
0.997	0.001	0.001	0.001
0.997	0.001	0.001	0.001
0.080	0.760	0.080	0.080
0.001	0.997	0.001	0.001
0.997	0.001	0.001	0.001
0.080	0.001	0.080	0.839
0.001	0.001	0.997	0.001
>TTGCGCATGCGC	17-TTGCGCATGCGC	9.590634	-43.931328	0	T:253.0(2.02%),B:407.3(1.09%),P:1e-19	Tpos:100.2,Tstd:52.7,Bpos:93.8,Bstd:55.6,StrandBias:0.0,Multiplicity:1.14
0.075	0.187	0.213	0.525
0.032	0.075	0.187	0.706
0.032	0.039	0.914	0.015
0.069	0.875	0.041	0.015
0.025	0.034	0.926	0.015
0.015	0.950	0.015	0.020
0.727	0.079	0.094	0.100
0.076	0.113	0.117	0.694
0.010	0.013	0.962	0.015
0.010	0.931	0.051	0.008
0.010	0.055	0.868	0.067
0.020	0.923	0.020	0.037
>CTCCTCCCCTTT	18-CTCCTCCCCTTT	12.520691	-43.318438	0	T:20.0(0.16%),B:3.8(0.01%),P:1e-18	Tpos:82.1,Tstd:46.4,Bpos:99.6,Bstd:50.9,StrandBias:0.2,Multiplicity:1.00
0.368	0.630	0.001	0.001
0.001	0.001	0.001	0.997
0.001	0.826	0.001	0.172
0.001	0.826	0.172	0.001
0.001	0.379	0.001	0.619
0.196	0.780	0.023	0.001
0.001	0.788	0.210	0.001
0.001	0.997	0.001	0.001
0.024	0.775	0.177	0.024
0.001	0.047	0.196	0.756
0.172	0.001	0.001	0.826
0.172	0.001	0.001	0.826
>CGGAATTARCCC	19-CGGAATTARCCC	11.862849	-43.318438	0	T:20.0(0.16%),B:3.9(0.01%),P:1e-18	Tpos:109.3,Tstd:56.0,Bpos:47.6,Bstd:29.2,StrandBias:0.3,Multiplicity:1.00
0.001	0.906	0.001	0.092
0.092	0.001	0.906	0.001
0.001	0.001	0.997	0.001
0.997	0.001	0.001	0.001
0.814	0.184	0.001	0.001
0.001	0.092	0.296	0.611
0.092	0.001	0.185	0.722
0.981	0.017	0.001	0.001
0.425	0.092	0.481	0.001
0.001	0.997	0.001	0.001
0.001	0.997	0.001	0.001
0.001	0.997	0.001	0.001
>GGAAGGCGCGAC	20-GGAAGGCGCGAC	12.903779	-41.518957	0	T:26.0(0.21%),B:7.4(0.02%),P:1e-18	Tpos:94.2,Tstd:53.7,Bpos:90.6,Bstd:18.6,StrandBias:0.4,Multiplicity:1.00
0.001	0.001	0.997	0.001
0.001	0.177	0.821	0.001
0.595	0.001	0.403	0.001
0.997	0.001	0.001	0.001
0.148	0.001	0.850	0.001
0.001	0.001	0.997	0.001
0.001	0.997	0.001	0.001
0.001	0.001	0.997	0.001
0.147	0.472	0.233	0.147
0.001	0.001	0.821	0.177
0.997	0.001	0.001	0.001
0.001	0.703	0.001	0.295
>ACTAGGGTGGAG	21-ACTAGGGTGGAG	10.549471	-41.451339	0	T:74.0(0.59%),B:65.4(0.17%),P:1e-18	Tpos:101.3,Tstd:48.7,Bpos:99.7,Bstd:53.0,StrandBias:0.4,Multiplicity:1.00
0.673	0.078	0.135	0.114
0.059	0.853	0.051	0.037
0.103	0.056	0.029	0.812
0.796	0.029	0.098	0.077
0.055	0.029	0.894	0.022
0.044	0.029	0.898	0.029
0.073	0.076	0.822	0.029
0.092	0.051	0.051	0.806
0.048	0.015	0.886	0.051
0.022	0.037	0.904	0.037
0.784	0.044	0.113	0.059
0.025	0.044	0.880	0.051
>GGGGCGGAACTA	22-GGGGCGGAACTA	12.572360	-41.052306	0	T:17.0(0.14%),B:2.2(0.01%),P:1e-17	Tpos:85.6,Tstd:62.3,Bpos:53.9,Bstd:16.4,StrandBias:-1.3,Multiplicity:1.00
0.001	0.001	0.997	0.001
0.172	0.001	0.826	0.001
0.001	0.001	0.997	0.001
0.172	0.001	0.826	0.001
0.001	0.997	0.001	0.001
0.001	0.001	0.975	0.023
0.001	0.001	0.997	0.001
0.826	0.001	0.001	0.172
0.997	0.001	0.001	0.001
0.001	0.826	0.172	0.001
0.001	0.001	0.060	0.938
0.786	0.172	0.001	0.041
>GTGATAACAAGG	23-GTGATAACAAGG	13.156502	-37.161165	0	T:13.0(0.10%),B:0.0(0.00%),P:1e-16	Tpos:121.2,Tstd:56.4,Bpos:0.0,Bstd:0.0,StrandBias:-0.7,Multiplicity:1.00
0.081	0.081	0.837	0.001
0.001	0.001	0.001	0.997
0.001	0.001	0.997	0.001
0.997	0.001	0.001	0.001
0.001	0.001	0.345	0.653
0.917	0.001	0.081	0.001
0.997	0.001	0.001	0.001
0.001	0.917	0.081	0.001
0.917	0.081	0.001	0.001
0.997	0.001	0.001	0.001
0.001	0.001	0.917	0.081
0.081	0.001	0.917	0.001
>ACCAGCTGTAGT	24-ACCAGCTGTAGT	9.458836	-34.861629	0	T:122.0(0.98%),B:161.3(0.43%),P:1e-15	Tpos:95.6,Tstd:51.9,Bpos:97.2,Bstd:53.9,StrandBias:0.6,Multiplicity:1.00
0.769	0.085	0.104	0.042
0.032	0.807	0.078	0.083
0.062	0.896	0.021	0.021
0.876	0.010	0.062	0.052
0.072	0.058	0.787	0.083
0.031	0.907	0.041	0.021
0.072	0.021	0.041	0.866
0.062	0.093	0.752	0.093
0.079	0.055	0.084	0.782
0.801	0.052	0.085	0.062
0.021	0.088	0.839	0.052
0.073	0.021	0.042	0.864
>GGGAATTGTAGT	25-GGGAATTGTAGT	11.978715	-34.619691	0	T:89.0(0.71%),B:100.1(0.27%),P:1e-15	Tpos:100.6,Tstd:51.9,Bpos:87.0,Bstd:60.1,StrandBias:0.1,Multiplicity:1.08
0.001	0.001	0.997	0.001
0.001	0.001	0.971	0.027
0.027	0.001	0.971	0.001
0.971	0.001	0.001	0.027
0.638	0.087	0.233	0.042
0.141	0.069	0.076	0.714
0.001	0.001	0.001	0.997
0.001	0.001	0.997	0.001
0.001	0.069	0.069	0.861
0.997	0.001	0.001	0.001
0.001	0.001	0.997	0.001
0.001	0.001	0.001	0.997
>ATGACTCA	1-ATGACTCA	6.736453	-232.668217	0	T:1028.0(8.22%),B:1490.1(3.97%),P:1e-101	Tpos:102.0,Tstd:54.8,Bpos:102.4,Bstd:59.5,StrandBias:-0.0,Multiplicity:1.10
0.653	0.128	0.197	0.022
0.001	0.001	0.001	0.997
0.001	0.001	0.967	0.031
0.997	0.001	0.001	0.001
0.072	0.712	0.161	0.055
0.021	0.001	0.032	0.946
0.022	0.966	0.001	0.011
0.982	0.016	0.001	0.001
>CCAATCRG	2-CCAATCRG	6.779233	-230.378370	0	T:1210.0(9.68%),B:1884.1(5.02%),P:1e-100	Tpos:99.9,Tstd:54.5,Bpos:92.6,Bstd:58.6,StrandBias:0.1,Multiplicity:1.24
0.035	0.879	0.046	0.040
0.024	0.866	0.051	0.059
0.839	0.059	0.037	0.065
0.968	0.001	0.015	0.016
0.068	0.013	0.012	0.907
0.149	0.574	0.225	0.052
0.386	0.102	0.497	0.015
0.167	0.214	0.473	0.145
>GCCAATTG	3-GCCAATTG	4.737185	-174.744461	0	T:4669.0(37.35%),B:11122.8(29.64%),P:1e-75	Tpos:100.8,Tstd:56.3,Bpos:99.2,Bstd:58.6,StrandBias:0.0,Multiplicity:1.23
0.139	0.057	0.713	0.091
0.001	0.727	0.001	0.271
0.023	0.883	0.019	0.075
0.818	0.001	0.006	0.175
0.760	0.092	0.120	0.028
0.078	0.099	0.073	0.750
0.033	0.304	0.207	0.456
0.304	0.145	0.536	0.015
>GCCCCGCC	4-GCCCCGCC	8.075970	-150.739296	0	T:1797.0(14.38%),B:3590.6(9.57%),P:1e-65	Tpos:99.7,Tstd:56.1,Bpos:95.7,Bstd:56.6,StrandBias:-0.0,Multiplicity:1.38
0.078	0.001	0.920	0.001
0.032	0.835	0.060	0.073
0.050	0.886	0.001	0.063
0.056	0.942	0.001	0.001
0.001	0.997	0.001	0.001
0.087	0.001	0.911	0.001
0.001	0.997	0.001	0.001
0.001	0.997	0.001	0.001
>TCAGTCAG	5-TCAGTCAG	5.024714	-113.615433	0	T:3413.0(27.31%),B:8137.8(21.68%),P:1e-49	Tpos:100.0,Tstd:55.7,Bpos:99.3,Bstd:59.1,StrandBias:0.1,Multiplicity:1.18
0.105	0.072	0.062	0.761
0.064	0.682	0.116	0.138
0.775	0.090	0.059	0.076
0.090	0.073	0.777	0.060
0.102	0.077	0.076	0.745
0.074	0.744	0.098	0.084
0.836	0.081	0.034	0.049
0.057	0.159	0.683	0.101
>CGCCCTTT	6-CGCCCTTT	5.602678	-105.883764	0	T:3279.0(26.23%),B:7837.1(20.88%),P:1e-45	Tpos:99.9,Tstd:56.3,Bpos:98.6,Bstd:57.2,StrandBias:0.0,Multiplicity:1.25
0.043	0.955	0.001	0.001
0.059	0.001	0.804	0.136
0.022	0.930	0.047	0.001
0.001	0.934	0.031	0.034
0.057	0.878	0.017	0.048
0.001	0.138	0.001	0.860
0.036	0.134	0.030	0.800
0.027	0.064	0.025	0.884
>GGGCGGAG	7-GGGCGGAG	8.739987	-79.657190	0	T:1762.0(14.10%),B:3960.0(10.55%),P:1e-34	Tpos:99.4,Tstd:55.3,Bpos:99.2,Bstd:57.2,StrandBias:-0.1,Multiplicity:1.13
0.001	0.001	0.997	0.001
0.001	0.001	0.997	0.001
0.001	0.001	0.997	0.001
0.158	0.604	0.001	0.237
0.001	0.001	0.997	0.001
0.001	0.001	0.997	0.001
0.827	0.001	0.001	0.171
0.061	0.001	0.937	0.001
>CCGGAAGT	8-CCGGAAGT	8.360372	-70.889986	0	T:420.0(3.36%),B:679.3(1.81%),P:1e-30	Tpos:101.6,Tstd:55.4,Bpos:95.2,Bstd:54.9,StrandBias:0.1,Multiplicity:1.13
0.022	0.825	0.123	0.030
0.025	0.950	0.024	0.001
0.001	0.001	0.997	0.001
0.001	0.010	0.979	0.010
0.956	0.034	0.001	0.009
0.966	0.001	0.013	0.020
0.038	0.015	0.916	0.031
0.039	0.224	0.061	0.676
>CGTGACGT	9-CGTGACGT	5.846394	-67.721730	0	T:891.0(7.13%),B:1804.5(4.81%),P:1e-29	Tpos:98.9,Tstd:56.0,Bpos:96.1,Bstd:57.1,StrandBias:0.1,Multiplicity:1.09
0.045	0.750	0.155	0.050
0.080	0.072	0.847	0.001
0.035	0.001	0.001	0.963
0.015	0.059	0.871	0.055
0.997	0.001	0.001	0.001
0.017	0.944	0.038	0.001
0.001	0.065	0.933	0.001
0.001	0.161	0.032	0.806
>GTTGCCAG	10-GTTGCCAG	5.304388	-64.345921	0	T:5060.0(40.48%),B:13400.2(35.70%),P:1e-27	Tpos:99.0,Tstd:55.8,Bpos:99.0,Bstd:57.9,StrandBias:-0.0,Multiplicity:1.25
0.001	0.001	0.969	0.029
0.103	0.189	0.107	0.601
0.261	0.001	0.083	0.655
0.001	0.172	0.826	0.001
0.142	0.555	0.001	0.302
0.001	0.743	0.001	0.255
0.701	0.001	0.040	0.258
0.222	0.082	0.500	0.197
>GGAAWGCS	11-GGAAWGCS	6.347989	-51.454333	0	T:1291.0(10.33%),B:2949.9(7.86%),P:1e-22	Tpos:102.6,Tstd:55.6,Bpos:100.1,Bstd:57.9,StrandBias:0.1,Multiplicity:1.06
0.023	0.066	0.753	0.158
0.060	0.298	0.641	0.001
0.720	0.278	0.001	0.001
0.701	0.001	0.001	0.297
0.532	0.001	0.001	0.466
0.071	0.098	0.747	0.084
0.001	0.609	0.051	0.339
0.072	0.349	0.374	0.205
>CTASGGTA	12-CTASGGTA	5.134111	-48.803736	0	T:2573.0(20.59%),B:6484.4(17.28%),P:1e-21	Tpos:99.0,Tstd:55.4,Bpos:99.9,Bstd:58.5,StrandBias:0.0,Multiplicity:1.13
0.001	0.620	0.378	0.001
0.001	0.040	0.206	0.753
0.979	0.019	0.001	0.001
0.001	0.404	0.370	0.224
0.042	0.089	0.678	0.191
0.011	0.230	0.712	0.047
0.120	0.108	0.073	0.699
0.466	0.001	0.264	0.269
>TGTGGTTA	13-TGTGGTTA	5.057520	-43.562624	0	T:2581.0(20.65%),B:6576.6(17.52%),P:1e-18	Tpos:101.2,Tstd:55.9,Bpos:99.4,Bstd:57.9,StrandBias:0.1,Multiplicity:1.15
0.141	0.089	0.054	0.716
0.068	0.113	0.760	0.059
0.115	0.081	0.057	0.747
0.092	0.062	0.750	0.096
0.030	0.091	0.755	0.124
0.058	0.033	0.097	0.812
0.138	0.112	0.024	0.726
0.737	0.076	0.094	0.093
>TSTCGCGA	14-TSTCGCGA	5.513497	-37.581571	0	T:291.0(2.33%),B:516.3(1.38%),P:1e-16	Tpos:98.5,Tstd:56.1,Bpos:98.3,Bstd:57.6,StrandBias:0.2,Multiplicity:1.05
0.056	0.001	0.001	0.942
0.034	0.389	0.478	0.099
0.379	0.001	0.007	0.613
0.001	0.997	0.001	0.001
0.001	0.001	0.997	0.001
0.001	0.997	0.001	0.001
0.067	0.001	0.931	0.001
0.997	0.001	0.001	0.001
>CAGASCCA	15-CAGASCCA	4.756356	-37.308945	0	T:1602.0(12.82%),B:3932.7(10.48%),P:1e-16	Tpos:100.6,Tstd:56.1,Bpos:102.1,Bstd:58.4,StrandBias:0.0,Multiplicity:1.06
0.001	0.989	0.001	0.009
0.840	0.158	0.001	0.001
0.001	0.001	0.997	0.001
0.997	0.001	0.001	0.001
0.009	0.452	0.538	0.001
0.001	0.844	0.001	0.154
0.001	0.621	0.001	0.377
0.997	0.001	0.001	0.001
>GGTGTGGC	16-GGTGTGGC	7.746422	-37.057744	0	T:467.0(3.74%),B:938.2(2.50%),P:1e-16	Tpos:94.5,Tstd:56.1,Bpos:96.7,Bstd:57.0,StrandBias:0.1,Multiplicity:1.07
0.001	0.001	0.997	0.001
0.001	0.001	0.997	0.001
0.001	0.399	0.001	0.599
0.060	0.001	0.938	0.001
0.001	0.001	0.001	0.997
0.001	0.001	0.997	0.001
0.001	0.001	0.997	0.001
0.001	0.997	0.001	0.001
>CGCATGCG	17-CGCATGCG	7.960381	-34.682956	0	T:629.0(5.03%),B:1360.4(3.62%),P:1e-15	Tpos:101.2,Tstd:54.6,Bpos:95.5,Bstd:59.1,StrandBias:0.0,Multiplicity:1.16
0.223	0.775	0.001	0.001
0.001	0.001	0.997	0.001
0.001	0.997	0.001	0.001
0.557	0.264	0.178	0.001
0.106	0.001	0.001	0.892
0.001	0.001	0.967	0.031
0.001	0.997	0.001	0.001
0.001	0.001	0.997	0.001
>GTAAGAGG	18-GTAAGAGG	5.475832	-33.960192	0	T:1828.0(14.63%),B:4599.7(12.26%),P:1e-14	Tpos:98.5,Tstd:57.6,Bpos:102.8,Bstd:58.6,StrandBias:0.0,Multiplicity:1.09
0.001	0.074	0.924	0.001
0.044	0.074	0.001	0.881
0.826	0.001	0.076	0.097
0.943	0.001	0.055	0.001
0.030	0.131	0.838	0.001
0.891	0.048	0.027	0.034
0.055	0.001	0.943	0.001
0.052	0.001	0.868	0.079
>GATACAAT	19-GATACAAT	9.387314	-31.422611	0	T:161.0(1.29%),B:250.0(0.67%),P:1e-13	Tpos:105.9,Tstd:56.4,Bpos:93.7,Bstd:56.1,StrandBias:0.0,Multiplicity:1.01
0.001	0.001	0.997	0.001
0.997	0.001	0.001	0.001
0.001	0.001	0.001	0.997
0.548	0.265	0.186	0.001
0.001	0.997	0.001	0.001
0.997	0.001	0.001	0.001
0.997	0.001	0.001	0.001
0.001	0.001	0.001	0.997
>TCGGAAAT	20-TCGGAAAT	6.259695	-24.805331	0	T:876.0(7.01%),B:2099.7(5.59%),P:1e-10	Tpos:98.2,Tstd:54.8,Bpos:100.8,Bstd:57.4,StrandBias:-0.0,Multiplicity:1.06
0.001	0.058	0.052	0.889
0.001	0.811	0.130	0.058
0.115	0.001	0.832	0.052
0.001	0.027	0.810	0.162
0.882	0.052	0.038	0.028
0.934	0.001	0.049	0.016
0.864	0.020	0.089	0.027
0.001	0.001	0.001	0.997
>CGAAGATT	21-CGAAGATT	9.059594	-24.454473	0	T:68.0(0.54%),B:81.7(0.22%),P:1e-10	Tpos:102.2,Tstd:60.2,Bpos:107.3,Bstd:54.9,StrandBias:0.1,Multiplicity:1.02
0.001	0.997	0.001	0.001
0.001	0.001	0.997	0.001
0.997	0.001	0.001	0.001
0.707	0.001	0.291	0.001
0.001	0.001	0.997	0.001
0.997	0.001	0.001	0.001
0.001	0.001	0.001	0.997
0.189	0.001	0.001	0.809
>ATGAATAT	22-ATGAATAT	7.086735	-18.344009	0	T:678.0(5.42%),B:1637.8(4.36%),P:1e-7	Tpos:96.5,Tstd:55.8,Bpos:100.6,Bstd:60.0,StrandBias:0.1,Multiplicity:1.10
0.802	0.001	0.196	0.001
0.001	0.155	0.001	0.843
0.224	0.003	0.772	0.001
0.792	0.001	0.060	0.147
0.978	0.020	0.001	0.001
0.001	0.001	0.001	0.997
0.826	0.001	0.172	0.001
0.001	0.018	0.208	0.773
>ACCTTGCT	23-ACCTTGCT	8.236954	-16.760884	0	T:108.0(0.86%),B:185.1(0.49%),P:1e-7	Tpos:99.0,Tstd:60.4,Bpos:94.7,Bstd:61.3,StrandBias:0.1,Multiplicity:1.01
0.700	0.100	0.100	0.100
0.100	0.700	0.100	0.100
0.100	0.700	0.100	0.100
0.100	0.100	0.100	0.700
0.100	0.100	0.100	0.700
0.100	0.100	0.700	0.100
0.100	0.700	0.100	0.100
0.100	0.100	0.100	0.700
>TTGTACGA	24-TTGTACGA	8.236954	-15.403756	0	T:13.0(0.10%),B:6.6(0.02%),P:1e-6	Tpos:134.8,Tstd:38.5,Bpos:127.9,Bstd:36.5,StrandBias:-0.2,Multiplicity:1.00
0.100	0.100	0.100	0.700
0.100	0.100	0.100	0.700
0.100	0.100	0.700	0.100
0.100	0.100	0.100	0.700
0.700	0.100	0.100	0.100
0.100	0.700	0.100	0.100
0.100	0.100	0.700	0.100
0.700	0.100	0.100	0.100
>TGCGCAGT	25-TGCGCAGT	8.236954	-15.101044	0	T:73.0(0.58%),B:114.1(0.30%),P:1e-6	Tpos:111.9,Tstd:58.1,Bpos:112.2,Bstd:56.1,StrandBias:0.1,Multiplicity:1.00
0.100	0.100	0.100	0.700
0.100	0.100	0.700	0.100
0.100	0.700	0.100	0.100
0.100	0.100	0.700	0.100
0.100	0.700	0.100	0.100
0.700	0.100	0.100	0.100
0.100	0.100	0.700	0.100
0.100	0.100	0.100	0.700
