>ATGACTCA	1-ATGACTCA	6.736453	-232.668217	0	T:1028.0(8.22%),B:1490.1(3.97%),P:1e-101	Tpos:102.0,Tstd:54.8,Bpos:102.4,Bstd:59.5,StrandBias:-0.0,Multiplicity:1.10
0.653	0.128	0.197	0.022
0.001	0.001	0.001	0.997
0.001	0.001	0.967	0.031
0.997	0.001	0.001	0.001
0.072	0.712	0.161	0.055
0.021	0.001	0.032	0.946
0.022	0.966	0.001	0.011
0.982	0.016	0.001	0.001
>CCAATCRG	2-CCAATCRG	6.779233	-230.378370	0	T:1210.0(9.68%),B:1884.1(5.02%),P:1e-100	Tpos:99.9,Tstd:54.5,Bpos:92.6,Bstd:58.6,StrandBias:0.1,Multiplicity:1.24
0.035	0.879	0.046	0.040
0.024	0.866	0.051	0.059
0.839	0.059	0.037	0.065
0.968	0.001	0.015	0.016
0.068	0.013	0.012	0.907
0.149	0.574	0.225	0.052
0.386	0.102	0.497	0.015
0.167	0.214	0.473	0.145
>GCCAATTG	3-GCCAATTG	4.737185	-174.744461	0	T:4669.0(37.35%),B:11122.8(29.64%),P:1e-75	Tpos:100.8,Tstd:56.3,Bpos:99.2,Bstd:58.6,StrandBias:0.0,Multiplicity:1.23
0.139	0.057	0.713	0.091
0.001	0.727	0.001	0.271
0.023	0.883	0.019	0.075
0.818	0.001	0.006	0.175
0.760	0.092	0.120	0.028
0.078	0.099	0.073	0.750
0.033	0.304	0.207	0.456
0.304	0.145	0.536	0.015
>GCCCCGCC	4-GCCCCGCC	8.075970	-150.739296	0	T:1797.0(14.38%),B:3590.6(9.57%),P:1e-65	Tpos:99.7,Tstd:56.1,Bpos:95.7,Bstd:56.6,StrandBias:-0.0,Multiplicity:1.38
0.078	0.001	0.920	0.001
0.032	0.835	0.060	0.073
0.050	0.886	0.001	0.063
0.056	0.942	0.001	0.001
0.001	0.997	0.001	0.001
0.087	0.001	0.911	0.001
0.001	0.997	0.001	0.001
0.001	0.997	0.001	0.001
>TCAGTCAG	5-TCAGTCAG	5.024714	-113.615433	0	T:3413.0(27.31%),B:8137.8(21.68%),P:1e-49	Tpos:100.0,Tstd:55.7,Bpos:99.3,Bstd:59.1,StrandBias:0.1,Multiplicity:1.18
0.105	0.072	0.062	0.761
0.064	0.682	0.116	0.138
0.775	0.090	0.059	0.076
0.090	0.073	0.777	0.060
0.102	0.077	0.076	0.745
0.074	0.744	0.098	0.084
0.836	0.081	0.034	0.049
0.057	0.159	0.683	0.101
>CGCCCTTT	6-CGCCCTTT	5.602678	-105.883764	0	T:3279.0(26.23%),B:7837.1(20.88%),P:1e-45	Tpos:99.9,Tstd:56.3,Bpos:98.6,Bstd:57.2,StrandBias:0.0,Multiplicity:1.25
0.043	0.955	0.001	0.001
0.059	0.001	0.804	0.136
0.022	0.930	0.047	0.001
0.001	0.934	0.031	0.034
0.057	0.878	0.017	0.048
0.001	0.138	0.001	0.860
0.036	0.134	0.030	0.800
0.027	0.064	0.025	0.884
>GGGCGGAG	7-GGGCGGAG	8.739987	-79.657190	0	T:1762.0(14.10%),B:3960.0(10.55%),P:1e-34	Tpos:99.4,Tstd:55.3,Bpos:99.2,Bstd:57.2,StrandBias:-0.1,Multiplicity:1.13
0.001	0.001	0.997	0.001
0.001	0.001	0.997	0.001
0.001	0.001	0.997	0.001
0.158	0.604	0.001	0.237
0.001	0.001	0.997	0.001
0.001	0.001	0.997	0.001
0.827	0.001	0.001	0.171
0.061	0.001	0.937	0.001
>CCGGAAGT	8-CCGGAAGT	8.360372	-70.889986	0	T:420.0(3.36%),B:679.3(1.81%),P:1e-30	Tpos:101.6,Tstd:55.4,Bpos:95.2,Bstd:54.9,StrandBias:0.1,Multiplicity:1.13
0.022	0.825	0.123	0.030
0.025	0.950	0.024	0.001
0.001	0.001	0.997	0.001
0.001	0.010	0.979	0.010
0.956	0.034	0.001	0.009
0.966	0.001	0.013	0.020
0.038	0.015	0.916	0.031
0.039	0.224	0.061	0.676
>CGTGACGT	9-CGTGACGT	5.846394	-67.721730	0	T:891.0(7.13%),B:1804.5(4.81%),P:1e-29	Tpos:98.9,Tstd:56.0,Bpos:96.1,Bstd:57.1,StrandBias:0.1,Multiplicity:1.09
0.045	0.750	0.155	0.050
0.080	0.072	0.847	0.001
0.035	0.001	0.001	0.963
0.015	0.059	0.871	0.055
0.997	0.001	0.001	0.001
0.017	0.944	0.038	0.001
0.001	0.065	0.933	0.001
0.001	0.161	0.032	0.806
>GTTGCCAG	10-GTTGCCAG	5.304388	-64.345921	0	T:5060.0(40.48%),B:13400.2(35.70%),P:1e-27	Tpos:99.0,Tstd:55.8,Bpos:99.0,Bstd:57.9,StrandBias:-0.0,Multiplicity:1.25
0.001	0.001	0.969	0.029
0.103	0.189	0.107	0.601
0.261	0.001	0.083	0.655
0.001	0.172	0.826	0.001
0.142	0.555	0.001	0.302
0.001	0.743	0.001	0.255
0.701	0.001	0.040	0.258
0.222	0.082	0.500	0.197
>GGAAWGCS	11-GGAAWGCS	6.347989	-51.454333	0	T:1291.0(10.33%),B:2949.9(7.86%),P:1e-22	Tpos:102.6,Tstd:55.6,Bpos:100.1,Bstd:57.9,StrandBias:0.1,Multiplicity:1.06
0.023	0.066	0.753	0.158
0.060	0.298	0.641	0.001
0.720	0.278	0.001	0.001
0.701	0.001	0.001	0.297
0.532	0.001	0.001	0.466
0.071	0.098	0.747	0.084
0.001	0.609	0.051	0.339
0.072	0.349	0.374	0.205
>CTASGGTA	12-CTASGGTA	5.134111	-48.803736	0	T:2573.0(20.59%),B:6484.4(17.28%),P:1e-21	Tpos:99.0,Tstd:55.4,Bpos:99.9,Bstd:58.5,StrandBias:0.0,Multiplicity:1.13
0.001	0.620	0.378	0.001
0.001	0.040	0.206	0.753
0.979	0.019	0.001	0.001
0.001	0.404	0.370	0.224
0.042	0.089	0.678	0.191
0.011	0.230	0.712	0.047
0.120	0.108	0.073	0.699
0.466	0.001	0.264	0.269
>TGTGGTTA	13-TGTGGTTA	5.057520	-43.562624	0	T:2581.0(20.65%),B:6576.6(17.52%),P:1e-18	Tpos:101.2,Tstd:55.9,Bpos:99.4,Bstd:57.9,StrandBias:0.1,Multiplicity:1.15
0.141	0.089	0.054	0.716
0.068	0.113	0.760	0.059
0.115	0.081	0.057	0.747
0.092	0.062	0.750	0.096
0.030	0.091	0.755	0.124
0.058	0.033	0.097	0.812
0.138	0.112	0.024	0.726
0.737	0.076	0.094	0.093
>TSTCGCGA	14-TSTCGCGA	5.513497	-37.581571	0	T:291.0(2.33%),B:516.3(1.38%),P:1e-16	Tpos:98.5,Tstd:56.1,Bpos:98.3,Bstd:57.6,StrandBias:0.2,Multiplicity:1.05
0.056	0.001	0.001	0.942
0.034	0.389	0.478	0.099
0.379	0.001	0.007	0.613
0.001	0.997	0.001	0.001
0.001	0.001	0.997	0.001
0.001	0.997	0.001	0.001
0.067	0.001	0.931	0.001
0.997	0.001	0.001	0.001
>CAGASCCA	15-CAGASCCA	4.756356	-37.308945	0	T:1602.0(12.82%),B:3932.7(10.48%),P:1e-16	Tpos:100.6,Tstd:56.1,Bpos:102.1,Bstd:58.4,StrandBias:0.0,Multiplicity:1.06
0.001	0.989	0.001	0.009
0.840	0.158	0.001	0.001
0.001	0.001	0.997	0.001
0.997	0.001	0.001	0.001
0.009	0.452	0.538	0.001
0.001	0.844	0.001	0.154
0.001	0.621	0.001	0.377
0.997	0.001	0.001	0.001
>GGTGTGGC	16-GGTGTGGC	7.746422	-37.057744	0	T:467.0(3.74%),B:938.2(2.50%),P:1e-16	Tpos:94.5,Tstd:56.1,Bpos:96.7,Bstd:57.0,StrandBias:0.1,Multiplicity:1.07
0.001	0.001	0.997	0.001
0.001	0.001	0.997	0.001
0.001	0.399	0.001	0.599
0.060	0.001	0.938	0.001
0.001	0.001	0.001	0.997
0.001	0.001	0.997	0.001
0.001	0.001	0.997	0.001
0.001	0.997	0.001	0.001
>CGCATGCG	17-CGCATGCG	7.960381	-34.682956	0	T:629.0(5.03%),B:1360.4(3.62%),P:1e-15	Tpos:101.2,Tstd:54.6,Bpos:95.5,Bstd:59.1,StrandBias:0.0,Multiplicity:1.16
0.223	0.775	0.001	0.001
0.001	0.001	0.997	0.001
0.001	0.997	0.001	0.001
0.557	0.264	0.178	0.001
0.106	0.001	0.001	0.892
0.001	0.001	0.967	0.031
0.001	0.997	0.001	0.001
0.001	0.001	0.997	0.001
>GTAAGAGG	18-GTAAGAGG	5.475832	-33.960192	0	T:1828.0(14.63%),B:4599.7(12.26%),P:1e-14	Tpos:98.5,Tstd:57.6,Bpos:102.8,Bstd:58.6,StrandBias:0.0,Multiplicity:1.09
0.001	0.074	0.924	0.001
0.044	0.074	0.001	0.881
0.826	0.001	0.076	0.097
0.943	0.001	0.055	0.001
0.030	0.131	0.838	0.001
0.891	0.048	0.027	0.034
0.055	0.001	0.943	0.001
0.052	0.001	0.868	0.079
>GATACAAT	19-GATACAAT	9.387314	-31.422611	0	T:161.0(1.29%),B:250.0(0.67%),P:1e-13	Tpos:105.9,Tstd:56.4,Bpos:93.7,Bstd:56.1,StrandBias:0.0,Multiplicity:1.01
0.001	0.001	0.997	0.001
0.997	0.001	0.001	0.001
0.001	0.001	0.001	0.997
0.548	0.265	0.186	0.001
0.001	0.997	0.001	0.001
0.997	0.001	0.001	0.001
0.997	0.001	0.001	0.001
0.001	0.001	0.001	0.997
>TCGGAAAT	20-TCGGAAAT	6.259695	-24.805331	0	T:876.0(7.01%),B:2099.7(5.59%),P:1e-10	Tpos:98.2,Tstd:54.8,Bpos:100.8,Bstd:57.4,StrandBias:-0.0,Multiplicity:1.06
0.001	0.058	0.052	0.889
0.001	0.811	0.130	0.058
0.115	0.001	0.832	0.052
0.001	0.027	0.810	0.162
0.882	0.052	0.038	0.028
0.934	0.001	0.049	0.016
0.864	0.020	0.089	0.027
0.001	0.001	0.001	0.997
>CGAAGATT	21-CGAAGATT	9.059594	-24.454473	0	T:68.0(0.54%),B:81.7(0.22%),P:1e-10	Tpos:102.2,Tstd:60.2,Bpos:107.3,Bstd:54.9,StrandBias:0.1,Multiplicity:1.02
0.001	0.997	0.001	0.001
0.001	0.001	0.997	0.001
0.997	0.001	0.001	0.001
0.707	0.001	0.291	0.001
0.001	0.001	0.997	0.001
0.997	0.001	0.001	0.001
0.001	0.001	0.001	0.997
0.189	0.001	0.001	0.809
>ATGAATAT	22-ATGAATAT	7.086735	-18.344009	0	T:678.0(5.42%),B:1637.8(4.36%),P:1e-7	Tpos:96.5,Tstd:55.8,Bpos:100.6,Bstd:60.0,StrandBias:0.1,Multiplicity:1.10
0.802	0.001	0.196	0.001
0.001	0.155	0.001	0.843
0.224	0.003	0.772	0.001
0.792	0.001	0.060	0.147
0.978	0.020	0.001	0.001
0.001	0.001	0.001	0.997
0.826	0.001	0.172	0.001
0.001	0.018	0.208	0.773
>ACCTTGCT	23-ACCTTGCT	8.236954	-16.760884	0	T:108.0(0.86%),B:185.1(0.49%),P:1e-7	Tpos:99.0,Tstd:60.4,Bpos:94.7,Bstd:61.3,StrandBias:0.1,Multiplicity:1.01
0.700	0.100	0.100	0.100
0.100	0.700	0.100	0.100
0.100	0.700	0.100	0.100
0.100	0.100	0.100	0.700
0.100	0.100	0.100	0.700
0.100	0.100	0.700	0.100
0.100	0.700	0.100	0.100
0.100	0.100	0.100	0.700
>TTGTACGA	24-TTGTACGA	8.236954	-15.403756	0	T:13.0(0.10%),B:6.6(0.02%),P:1e-6	Tpos:134.8,Tstd:38.5,Bpos:127.9,Bstd:36.5,StrandBias:-0.2,Multiplicity:1.00
0.100	0.100	0.100	0.700
0.100	0.100	0.100	0.700
0.100	0.100	0.700	0.100
0.100	0.100	0.100	0.700
0.700	0.100	0.100	0.100
0.100	0.700	0.100	0.100
0.100	0.100	0.700	0.100
0.700	0.100	0.100	0.100
>TGCGCAGT	25-TGCGCAGT	8.236954	-15.101044	0	T:73.0(0.58%),B:114.1(0.30%),P:1e-6	Tpos:111.9,Tstd:58.1,Bpos:112.2,Bstd:56.1,StrandBias:0.1,Multiplicity:1.00
0.100	0.100	0.100	0.700
0.100	0.100	0.700	0.100
0.100	0.700	0.100	0.100
0.100	0.100	0.700	0.100
0.100	0.700	0.100	0.100
0.700	0.100	0.100	0.100
0.100	0.100	0.700	0.100
0.100	0.100	0.100	0.700
