>GCCCCGCCCY	1-GCCCCGCCCY	8.143913	-273.930778	0	T:2052.0(16.42%),B:3649.7(9.72%),P:1e-118	Tpos:98.8,Tstd:55.3,Bpos:93.2,Bstd:55.1,StrandBias:-0.0,Multiplicity:1.48
0.149	0.001	0.616	0.234
0.136	0.639	0.054	0.171
0.231	0.568	0.001	0.200
0.297	0.701	0.001	0.001
0.001	0.997	0.001	0.001
0.211	0.001	0.704	0.084
0.001	0.997	0.001	0.001
0.001	0.997	0.001	0.001
0.089	0.639	0.001	0.271
0.232	0.370	0.001	0.397
>KCYGATTGGC	2-KCYGATTGGC	6.939091	-260.480386	0	T:1141.0(9.13%),B:1652.0(4.40%),P:1e-113	Tpos:100.2,Tstd:54.3,Bpos:93.7,Bstd:58.2,StrandBias:-0.1,Multiplicity:1.25
0.091	0.146	0.342	0.422
0.087	0.548	0.180	0.185
0.001	0.487	0.088	0.424
0.023	0.211	0.633	0.133
0.918	0.001	0.055	0.026
0.001	0.010	0.001	0.988
0.023	0.001	0.001	0.975
0.001	0.001	0.995	0.003
0.003	0.001	0.995	0.001
0.104	0.602	0.048	0.246
>NTGAVTCABN	3-NTGAVTCABN	5.956108	-249.061900	0	T:1044.0(8.35%),B:1480.0(3.94%),P:1e-108	Tpos:103.2,Tstd:54.2,Bpos:102.0,Bstd:58.9,StrandBias:0.0,Multiplicity:1.10
0.304	0.303	0.237	0.156
0.207	0.001	0.189	0.603
0.001	0.090	0.599	0.310
0.877	0.121	0.001	0.001
0.194	0.344	0.292	0.170
0.136	0.001	0.223	0.640
0.301	0.491	0.001	0.206
0.997	0.001	0.001	0.001
0.176	0.220	0.261	0.343
0.210	0.305	0.237	0.249
>AAAAGGGCGG	4-AAAAGGGCGG	6.471784	-145.873434	0	T:1880.0(15.04%),B:3825.6(10.19%),P:1e-63	Tpos:100.7,Tstd:55.0,Bpos:100.0,Bstd:56.0,StrandBias:-0.0,Multiplicity:1.10
0.564	0.142	0.142	0.152
0.743	0.096	0.081	0.080
0.538	0.035	0.283	0.144
0.649	0.087	0.159	0.105
0.167	0.043	0.737	0.053
0.141	0.020	0.768	0.071
0.147	0.019	0.833	0.001
0.088	0.582	0.200	0.130
0.019	0.057	0.860	0.064
0.129	0.065	0.783	0.023
>GCCCAATGGA	5-GCCCAATGGA	6.296458	-71.613890	0	T:1753.0(14.03%),B:4001.8(10.66%),P:1e-31	Tpos:103.8,Tstd:53.6,Bpos:99.2,Bstd:58.4,StrandBias:0.0,Multiplicity:1.07
0.041	0.058	0.864	0.037
0.084	0.785	0.043	0.088
0.065	0.834	0.074	0.027
0.092	0.769	0.036	0.103
0.778	0.094	0.070	0.058
0.750	0.077	0.096	0.077
0.074	0.047	0.085	0.794
0.064	0.038	0.858	0.040
0.089	0.045	0.806	0.060
0.764	0.090	0.072	0.074
>ACTWCCGRGR	6-ACTWCCGRGR	6.818229	-59.645858	0	T:314.0(2.51%),B:487.2(1.30%),P:1e-25	Tpos:98.9,Tstd:52.9,Bpos:98.2,Bstd:56.8,StrandBias:-0.2,Multiplicity:1.04
0.756	0.075	0.168	0.001
0.178	0.564	0.163	0.095
0.221	0.144	0.001	0.634
0.331	0.001	0.241	0.427
0.221	0.675	0.076	0.028
0.001	0.771	0.227	0.001
0.001	0.001	0.997	0.001
0.291	0.197	0.415	0.097
0.239	0.104	0.444	0.213
0.356	0.140	0.308	0.196
>GTCAGTCAGT	7-GTCAGTCAGT	6.457452	-56.597550	0	T:1428.0(11.42%),B:3267.7(8.71%),P:1e-24	Tpos:98.5,Tstd:55.8,Bpos:99.7,Bstd:58.1,StrandBias:0.1,Multiplicity:1.06
0.086	0.057	0.795	0.062
0.082	0.072	0.104	0.742
0.077	0.817	0.041	0.065
0.859	0.039	0.050	0.052
0.055	0.057	0.830	0.058
0.089	0.074	0.059	0.778
0.055	0.850	0.049	0.046
0.827	0.050	0.042	0.081
0.058	0.090	0.752	0.100
0.057	0.106	0.083	0.754
>TGACGTAACG	8-TGACGTAACG	4.991668	-54.317449	0	T:790.0(6.32%),B:1634.4(4.35%),P:1e-23	Tpos:102.4,Tstd:54.5,Bpos:95.9,Bstd:56.4,StrandBias:-0.1,Multiplicity:1.07
0.108	0.079	0.104	0.709
0.074	0.116	0.709	0.101
0.735	0.082	0.106	0.077
0.087	0.715	0.106	0.092
0.099	0.109	0.697	0.095
0.095	0.093	0.095	0.717
0.681	0.130	0.122	0.067
0.710	0.098	0.120	0.072
0.111	0.678	0.106	0.105
0.112	0.112	0.648	0.128
>CACACCCTTT	9-CACACCCTTT	4.982351	-53.923567	0	T:2767.0(22.14%),B:6963.8(18.55%),P:1e-23	Tpos:97.7,Tstd:55.6,Bpos:100.2,Bstd:56.7,StrandBias:0.0,Multiplicity:1.13
0.106	0.693	0.107	0.094
0.695	0.116	0.082	0.107
0.107	0.708	0.093	0.092
0.710	0.086	0.085	0.119
0.086	0.700	0.129	0.085
0.101	0.673	0.119	0.107
0.111	0.724	0.085	0.080
0.107	0.098	0.086	0.709
0.093	0.106	0.102	0.699
0.092	0.111	0.107	0.690
>MGCATGCGCV	10-MGCATGCGCV	6.133748	-51.276416	0	T:573.0(4.58%),B:1117.2(2.98%),P:1e-22	Tpos:100.1,Tstd:54.3,Bpos:96.2,Bstd:57.9,StrandBias:-0.1,Multiplicity:1.19
0.330	0.469	0.142	0.059
0.127	0.029	0.723	0.121
0.321	0.562	0.029	0.088
0.420	0.213	0.168	0.198
0.239	0.173	0.170	0.418
0.085	0.035	0.720	0.160
0.015	0.759	0.213	0.013
0.024	0.028	0.611	0.337
0.155	0.473	0.080	0.292
0.341	0.274	0.286	0.099
>CAAACCGGAA	11-CAAACCGGAA	6.184899	-50.530741	0	T:1352.0(10.82%),B:3119.2(8.31%),P:1e-21	Tpos:98.9,Tstd:55.2,Bpos:100.8,Bstd:56.0,StrandBias:0.0,Multiplicity:1.07
0.092	0.716	0.108	0.084
0.701	0.113	0.093	0.093
0.669	0.110	0.118	0.103
0.661	0.114	0.125	0.100
0.083	0.735	0.099	0.083
0.106	0.709	0.097	0.088
0.116	0.098	0.673	0.113
0.091	0.095	0.733	0.081
0.715	0.087	0.111	0.087
0.690	0.104	0.123	0.083
>GGCGGAATTC	12-GGCGGAATTC	6.337819	-49.373362	0	T:1191.0(9.53%),B:2703.6(7.20%),P:1e-21	Tpos:99.9,Tstd:56.1,Bpos:100.5,Bstd:57.4,StrandBias:0.1,Multiplicity:1.06
0.042	0.058	0.842	0.058
0.068	0.086	0.805	0.041
0.071	0.778	0.048	0.103
0.081	0.019	0.802	0.098
0.045	0.062	0.847	0.046
0.793	0.094	0.072	0.041
0.757	0.057	0.065	0.121
0.035	0.096	0.123	0.746
0.055	0.069	0.069	0.807
0.077	0.827	0.040	0.056
>TTCCCCATAG	13-TTCCCCATAG	10.512446	-44.712499	0	T:15.0(0.12%),B:1.9(0.01%),P:1e-19	Tpos:89.1,Tstd:43.5,Bpos:112.7,Bstd:45.1,StrandBias:-0.6,Multiplicity:1.00
0.001	0.001	0.001	0.997
0.001	0.001	0.001	0.997
0.100	0.898	0.001	0.001
0.001	0.997	0.001	0.001
0.001	0.958	0.040	0.001
0.001	0.997	0.001	0.001
0.997	0.001	0.001	0.001
0.001	0.001	0.001	0.997
0.997	0.001	0.001	0.001
0.001	0.001	0.997	0.001
>AATCCCGACC	14-AATCCCGACC	10.310239	-41.052306	0	T:17.0(0.14%),B:2.3(0.01%),P:1e-17	Tpos:90.4,Tstd:48.2,Bpos:148.6,Bstd:21.1,StrandBias:-0.9,Multiplicity:1.00
0.997	0.001	0.001	0.001
0.997	0.001	0.001	0.001
0.001	0.001	0.001	0.997
0.001	0.997	0.001	0.001
0.001	0.917	0.081	0.001
0.001	0.997	0.001	0.001
0.001	0.001	0.997	0.001
0.997	0.001	0.001	0.001
0.001	0.997	0.001	0.001
0.001	0.966	0.032	0.001
>AAGTAACCAC	15-AAGTAACCAC	7.542240	-34.520566	0	T:616.0(4.93%),B:1328.5(3.54%),P:1e-14	Tpos:102.6,Tstd:54.7,Bpos:101.7,Bstd:57.6,StrandBias:-0.1,Multiplicity:1.02
0.648	0.197	0.059	0.096
0.952	0.001	0.001	0.046
0.001	0.001	0.997	0.001
0.163	0.193	0.083	0.561
0.860	0.138	0.001	0.001
0.776	0.085	0.117	0.022
0.125	0.722	0.141	0.012
0.156	0.819	0.001	0.024
0.997	0.001	0.001	0.001
0.001	0.669	0.150	0.180
>GTCAACTCAC	16-GTCAACTCAC	8.868673	-28.477255	0	T:119.0(0.95%),B:171.7(0.46%),P:1e-12	Tpos:110.1,Tstd:53.7,Bpos:97.8,Bstd:57.6,StrandBias:0.3,Multiplicity:1.01
0.097	0.186	0.716	0.001
0.001	0.001	0.001	0.997
0.382	0.616	0.001	0.001
0.861	0.137	0.001	0.001
0.796	0.001	0.202	0.001
0.074	0.924	0.001	0.001
0.001	0.033	0.001	0.965
0.261	0.512	0.226	0.001
0.749	0.232	0.001	0.018
0.001	0.788	0.129	0.082
>CTCGCGAGAK	17-CTCGCGAGAK	8.663679	-28.446095	0	T:133.0(1.06%),B:200.8(0.54%),P:1e-12	Tpos:94.1,Tstd:52.9,Bpos:96.0,Bstd:63.0,StrandBias:-0.3,Multiplicity:1.02
0.069	0.885	0.045	0.001
0.063	0.017	0.269	0.651
0.001	0.918	0.016	0.065
0.056	0.001	0.942	0.001
0.001	0.802	0.182	0.015
0.016	0.030	0.945	0.009
0.702	0.275	0.022	0.001
0.001	0.124	0.814	0.061
0.520	0.226	0.121	0.133
0.130	0.159	0.389	0.323
>GCAGTTTTGC	18-GCAGTTTTGC	12.019488	-27.491482	0	T:27.0(0.22%),B:14.0(0.04%),P:1e-11	Tpos:90.2,Tstd:46.7,Bpos:90.7,Bstd:53.0,StrandBias:0.3,Multiplicity:1.00
0.001	0.001	0.997	0.001
0.001	0.772	0.001	0.226
0.997	0.001	0.001	0.001
0.210	0.001	0.788	0.001
0.001	0.001	0.001	0.997
0.001	0.001	0.001	0.997
0.001	0.001	0.001	0.997
0.001	0.001	0.001	0.997
0.001	0.001	0.997	0.001
0.001	0.997	0.001	0.001
>TTCCGGCGCT	19-TTCCGGCGCT	11.358964	-27.342830	0	T:16.0(0.13%),B:4.3(0.01%),P:1e-11	Tpos:120.6,Tstd:64.6,Bpos:140.6,Bstd:58.9,StrandBias:-0.7,Multiplicity:1.00
0.001	0.001	0.001	0.997
0.001	0.001	0.001	0.997
0.001	0.997	0.001	0.001
0.001	0.997	0.001	0.001
0.001	0.001	0.997	0.001
0.001	0.001	0.997	0.001
0.001	0.997	0.001	0.001
0.001	0.001	0.997	0.001
0.001	0.914	0.084	0.001
0.001	0.001	0.001	0.997
>TGATAACACG	20-TGATAACACG	11.625078	-24.850648	0	T:15.0(0.12%),B:4.7(0.01%),P:1e-10	Tpos:109.7,Tstd:62.5,Bpos:125.3,Bstd:53.1,StrandBias:0.6,Multiplicity:1.00
0.001	0.001	0.001	0.997
0.001	0.001	0.997	0.001
0.997	0.001	0.001	0.001
0.001	0.001	0.001	0.997
0.640	0.001	0.001	0.358
0.997	0.001	0.001	0.001
0.001	0.640	0.001	0.358
0.997	0.001	0.001	0.001
0.266	0.732	0.001	0.001
0.001	0.001	0.997	0.001
>TCAGCTTAAA	21-TCAGCTTAAA	10.507226	-23.203709	0	T:27.0(0.22%),B:17.8(0.05%),P:1e-10	Tpos:100.8,Tstd:48.1,Bpos:118.0,Bstd:46.3,StrandBias:1.4,Multiplicity:1.00
0.001	0.001	0.001	0.997
0.001	0.997	0.001	0.001
0.913	0.043	0.043	0.001
0.001	0.001	0.997	0.001
0.001	0.997	0.001	0.001
0.001	0.001	0.001	0.997
0.167	0.001	0.001	0.831
0.997	0.001	0.001	0.001
0.997	0.001	0.001	0.001
0.997	0.001	0.001	0.001
>GCCGCCAGAT	22-GCCGCCAGAT	11.833422	-19.388266	0	T:15.0(0.12%),B:6.1(0.02%),P:1e-8	Tpos:116.1,Tstd:49.0,Bpos:95.6,Bstd:56.2,StrandBias:0.0,Multiplicity:1.00
0.001	0.001	0.997	0.001
0.001	0.997	0.001	0.001
0.001	0.997	0.001	0.001
0.001	0.001	0.997	0.001
0.001	0.997	0.001	0.001
0.001	0.863	0.001	0.135
0.997	0.001	0.001	0.001
0.001	0.001	0.997	0.001
0.997	0.001	0.001	0.001
0.001	0.001	0.001	0.997
>ATGCCATGAG	23-ATGCCATGAG	10.296193	-17.775281	0	T:12.0(0.10%),B:4.4(0.01%),P:1e-7	Tpos:98.1,Tstd:59.3,Bpos:61.0,Bstd:28.9,StrandBias:2.3,Multiplicity:1.00
0.700	0.100	0.100	0.100
0.100	0.100	0.100	0.700
0.100	0.100	0.700	0.100
0.100	0.700	0.100	0.100
0.100	0.700	0.100	0.100
0.700	0.100	0.100	0.100
0.100	0.100	0.100	0.700
0.100	0.100	0.700	0.100
0.700	0.100	0.100	0.100
0.100	0.100	0.700	0.100
>GTTTGGTGAG	24-GTTTGGTGAG	11.005684	-17.467962	0	T:13.0(0.10%),B:6.0(0.02%),P:1e-7	Tpos:97.0,Tstd:53.7,Bpos:91.5,Bstd:62.9,StrandBias:-1.2,Multiplicity:1.00
0.001	0.001	0.997	0.001
0.001	0.001	0.001	0.997
0.001	0.001	0.001	0.997
0.001	0.001	0.001	0.997
0.001	0.001	0.997	0.001
0.001	0.001	0.997	0.001
0.001	0.001	0.001	0.997
0.001	0.001	0.997	0.001
0.939	0.059	0.001	0.001
0.001	0.001	0.997	0.001
>GGACACGTGA	25-GGACACGTGA	11.698831	-17.362172	0	T:14.0(0.11%),B:6.4(0.02%),P:1e-7	Tpos:95.2,Tstd:50.4,Bpos:102.7,Bstd:39.0,StrandBias:-0.7,Multiplicity:1.00
0.001	0.001	0.880	0.118
0.001	0.001	0.997	0.001
0.997	0.001	0.001	0.001
0.001	0.997	0.001	0.001
0.997	0.001	0.001	0.001
0.001	0.997	0.001	0.001
0.001	0.001	0.997	0.001
0.001	0.001	0.001	0.997
0.001	0.001	0.997	0.001
0.997	0.001	0.001	0.001
