>KCYGATTGGCYG	1-KCYGATTGGCYG	8.237229	-294.715169	0	T:745.0(5.96%),B:810.9(2.16%),P:1e-127	Tpos:101.8,Tstd:53.1,Bpos:87.8,Bstd:57.0,StrandBias:-0.1,Multiplicity:1.17
0.001	0.231	0.350	0.418
0.017	0.608	0.158	0.217
0.001	0.404	0.098	0.497
0.001	0.374	0.549	0.076
0.958	0.001	0.032	0.009
0.001	0.001	0.009	0.989
0.001	0.001	0.001	0.997
0.001	0.001	0.997	0.001
0.001	0.001	0.997	0.001
0.064	0.630	0.066	0.240
0.024	0.429	0.061	0.486
0.228	0.243	0.453	0.075
>HDGCCCCGCCCC	2-HDGCCCCGCCCC	8.863691	-284.495619	0	T:1648.0(13.19%),B:2679.7(7.14%),P:1e-123	Tpos:99.4,Tstd:54.6,Bpos:91.4,Bstd:53.6,StrandBias:-0.0,Multiplicity:1.35
0.228	0.266	0.147	0.359
0.236	0.153	0.375	0.236
0.151	0.041	0.686	0.122
0.043	0.658	0.138	0.161
0.113	0.665	0.001	0.221
0.151	0.842	0.001	0.006
0.055	0.933	0.001	0.011
0.251	0.001	0.611	0.137
0.001	0.997	0.001	0.001
0.001	0.997	0.001	0.001
0.001	0.752	0.001	0.246
0.225	0.462	0.035	0.278
>NNVTGASTCAYN	3-NNVTGASTCAYN	4.124952	-218.332982	0	T:666.0(5.33%),B:805.9(2.15%),P:1e-94	Tpos:102.5,Tstd:53.5,Bpos:102.6,Bstd:57.8,StrandBias:0.0,Multiplicity:1.08
0.243	0.271	0.229	0.258
0.270	0.212	0.331	0.187
0.273	0.418	0.307	0.001
0.001	0.001	0.001	0.997
0.001	0.001	0.997	0.001
0.997	0.001	0.001	0.001
0.001	0.497	0.501	0.001
0.001	0.001	0.001	0.997
0.001	0.997	0.001	0.001
0.997	0.001	0.001	0.001
0.001	0.455	0.173	0.371
0.220	0.255	0.227	0.297
>NDSRATTGGNNN	4-NDSRATTGGNNN	6.445875	-93.301938	0	T:1631.0(13.05%),B:3516.7(9.37%),P:1e-40	Tpos:100.9,Tstd:55.3,Bpos:99.4,Bstd:56.6,StrandBias:-0.1,Multiplicity:1.10
0.222	0.198	0.239	0.342
0.250	0.193	0.347	0.210
0.013	0.372	0.389	0.227
0.426	0.002	0.321	0.251
0.997	0.001	0.001	0.001
0.001	0.001	0.001	0.997
0.324	0.050	0.001	0.625
0.001	0.073	0.925	0.001
0.001	0.126	0.872	0.001
0.245	0.301	0.224	0.230
0.271	0.214	0.270	0.245
0.239	0.199	0.310	0.251
>AVATGAATCANW	5-AVATGAATCANW	5.654136	-91.641363	0	T:363.0(2.90%),B:499.7(1.33%),P:1e-39	Tpos:101.6,Tstd:52.2,Bpos:101.8,Bstd:60.1,StrandBias:-0.1,Multiplicity:1.01
0.406	0.180	0.201	0.214
0.347	0.253	0.269	0.132
0.997	0.001	0.001	0.001
0.001	0.106	0.001	0.892
0.001	0.001	0.997	0.001
0.997	0.001	0.001	0.001
0.965	0.001	0.017	0.017
0.001	0.001	0.001	0.997
0.001	0.997	0.001	0.001
0.997	0.001	0.001	0.001
0.180	0.215	0.295	0.311
0.294	0.187	0.163	0.356
>GAGAAGGCGGGG	6-GAGAAGGCGGGG	9.106012	-85.043459	0	T:778.0(6.22%),B:1440.8(3.84%),P:1e-36	Tpos:103.2,Tstd:55.2,Bpos:100.9,Bstd:56.4,StrandBias:0.3,Multiplicity:1.06
0.105	0.054	0.811	0.030
0.813	0.085	0.097	0.005
0.116	0.026	0.857	0.001
0.818	0.077	0.088	0.017
0.808	0.067	0.114	0.011
0.074	0.026	0.855	0.045
0.025	0.002	0.972	0.001
0.055	0.798	0.064	0.083
0.111	0.065	0.730	0.094
0.048	0.010	0.922	0.020
0.108	0.026	0.791	0.075
0.088	0.047	0.825	0.040
>ATTGGTCAAGGC	7-ATTGGTCAAGGC	11.330316	-76.880969	0	T:46.0(0.37%),B:11.3(0.03%),P:1e-33	Tpos:118.5,Tstd:54.7,Bpos:97.3,Bstd:50.8,StrandBias:0.6,Multiplicity:1.00
0.964	0.034	0.001	0.001
0.034	0.001	0.001	0.964
0.001	0.001	0.001	0.997
0.001	0.001	0.929	0.069
0.001	0.192	0.806	0.001
0.142	0.142	0.076	0.640
0.001	0.997	0.001	0.001
0.749	0.249	0.001	0.001
0.774	0.001	0.001	0.224
0.035	0.372	0.592	0.001
0.001	0.104	0.617	0.278
0.001	0.825	0.173	0.001
>ACTTCCGGGTAC	8-ACTTCCGGGTAC	11.117389	-68.826431	0	T:25.0(0.20%),B:2.3(0.01%),P:1e-29	Tpos:108.8,Tstd:53.8,Bpos:100.7,Bstd:2.1,StrandBias:0.1,Multiplicity:1.00
0.576	0.206	0.187	0.031
0.022	0.906	0.040	0.032
0.124	0.066	0.046	0.764
0.018	0.040	0.208	0.734
0.013	0.837	0.026	0.124
0.060	0.863	0.035	0.042
0.069	0.022	0.860	0.049
0.035	0.031	0.912	0.022
0.042	0.201	0.614	0.143
0.170	0.190	0.203	0.437
0.611	0.272	0.073	0.044
0.022	0.714	0.220	0.044
>GAGGCGTTGCCA	9-GAGGCGTTGCCA	10.602100	-66.251689	0	T:90.0(0.72%),B:62.9(0.17%),P:1e-28	Tpos:92.7,Tstd:57.5,Bpos:111.9,Bstd:58.0,StrandBias:0.3,Multiplicity:1.00
0.043	0.035	0.887	0.035
0.831	0.061	0.052	0.056
0.026	0.009	0.939	0.026
0.052	0.035	0.904	0.009
0.084	0.855	0.035	0.026
0.030	0.091	0.788	0.091
0.043	0.162	0.128	0.667
0.017	0.086	0.159	0.738
0.017	0.035	0.878	0.070
0.009	0.904	0.044	0.043
0.035	0.842	0.093	0.030
0.773	0.035	0.136	0.056
>TGTTTATAACCA	10-TGTTTATAACCA	10.823047	-64.658277	0	T:20.0(0.16%),B:0.7(0.00%),P:1e-28	Tpos:98.0,Tstd:57.2,Bpos:142.0,Bstd:0.0,StrandBias:0.6,Multiplicity:1.05
0.069	0.033	0.062	0.836
0.247	0.067	0.614	0.072
0.049	0.057	0.029	0.865
0.058	0.054	0.219	0.669
0.041	0.205	0.050	0.704
0.572	0.238	0.048	0.142
0.088	0.075	0.067	0.770
0.749	0.077	0.080	0.094
0.601	0.035	0.071	0.293
0.069	0.585	0.282	0.064
0.083	0.790	0.050	0.077
0.664	0.052	0.017	0.267
>NNCCCGCCCANN	11-NNCCCGCCCANN	6.534390	-61.544498	0	T:413.0(3.30%),B:697.3(1.86%),P:1e-26	Tpos:102.0,Tstd:52.3,Bpos:96.0,Bstd:54.2,StrandBias:0.1,Multiplicity:1.04
0.210	0.261	0.336	0.193
0.228	0.277	0.208	0.286
0.180	0.509	0.131	0.180
0.137	0.576	0.124	0.163
0.092	0.686	0.149	0.073
0.120	0.047	0.735	0.098
0.159	0.597	0.064	0.180
0.179	0.535	0.135	0.151
0.181	0.477	0.154	0.188
0.767	0.030	0.122	0.081
0.216	0.215	0.297	0.272
0.293	0.243	0.256	0.208
>STGACGTCACBG	12-STGACGTCACBG	6.800537	-57.494502	0	T:668.0(5.34%),B:1314.4(3.50%),P:1e-24	Tpos:104.5,Tstd:53.2,Bpos:94.4,Bstd:55.7,StrandBias:-0.1,Multiplicity:1.07
0.156	0.337	0.468	0.039
0.168	0.197	0.089	0.546
0.065	0.226	0.668	0.041
0.722	0.088	0.140	0.050
0.001	0.920	0.078	0.001
0.014	0.054	0.930	0.002
0.015	0.048	0.019	0.918
0.041	0.811	0.142	0.006
0.829	0.036	0.077	0.058
0.026	0.642	0.215	0.117
0.112	0.357	0.260	0.271
0.133	0.240	0.485	0.143
>TCTCCATTAGGC	13-TCTCCATTAGGC	9.833734	-54.317064	0	T:112.0(0.90%),B:108.0(0.29%),P:1e-23	Tpos:88.2,Tstd:52.9,Bpos:102.9,Bstd:54.3,StrandBias:0.0,Multiplicity:1.01
0.050	0.066	0.112	0.772
0.033	0.873	0.047	0.047
0.020	0.053	0.033	0.894
0.026	0.915	0.046	0.013
0.020	0.941	0.013	0.026
0.789	0.105	0.020	0.086
0.079	0.132	0.095	0.694
0.044	0.128	0.186	0.642
0.838	0.020	0.089	0.053
0.053	0.013	0.908	0.026
0.046	0.020	0.901	0.033
0.046	0.838	0.081	0.035
>CCGCCCTCTTAC	14-CCGCCCTCTTAC	8.576369	-53.734396	0	T:261.0(2.09%),B:393.2(1.05%),P:1e-23	Tpos:97.4,Tstd:53.3,Bpos:97.1,Bstd:56.6,StrandBias:0.2,Multiplicity:1.01
0.082	0.721	0.105	0.092
0.130	0.650	0.083	0.137
0.125	0.139	0.586	0.150
0.070	0.716	0.126	0.088
0.083	0.728	0.086	0.103
0.086	0.734	0.066	0.114
0.104	0.138	0.092	0.666
0.058	0.740	0.108	0.094
0.091	0.156	0.079	0.674
0.091	0.164	0.160	0.585
0.505	0.191	0.151	0.153
0.092	0.692	0.123	0.093
>RVTCTCGCGAGA	15-RVTCTCGCGAGA	9.061593	-47.274822	0	T:96.0(0.77%),B:92.1(0.25%),P:1e-20	Tpos:93.4,Tstd:51.8,Bpos:85.4,Bstd:56.7,StrandBias:0.1,Multiplicity:1.08
0.360	0.210	0.384	0.046
0.249	0.321	0.278	0.152
0.080	0.256	0.052	0.612
0.093	0.860	0.046	0.001
0.058	0.035	0.075	0.832
0.001	0.997	0.001	0.001
0.001	0.001	0.997	0.001
0.001	0.953	0.023	0.023
0.001	0.001	0.997	0.001
0.803	0.139	0.046	0.012
0.046	0.104	0.768	0.082
0.535	0.168	0.250	0.047
>GGGTAAACCATG	16-GGGTAAACCATG	13.147307	-44.712499	0	T:15.0(0.12%),B:1.1(0.00%),P:1e-19	Tpos:98.6,Tstd:52.7,Bpos:0.0,Bstd:0.0,StrandBias:0.2,Multiplicity:1.00
0.001	0.001	0.919	0.079
0.001	0.001	0.997	0.001
0.001	0.080	0.839	0.080
0.197	0.001	0.001	0.801
0.919	0.001	0.079	0.001
0.997	0.001	0.001	0.001
0.997	0.001	0.001	0.001
0.080	0.760	0.080	0.080
0.001	0.997	0.001	0.001
0.997	0.001	0.001	0.001
0.080	0.001	0.080	0.839
0.001	0.001	0.997	0.001
>TTGCGCATGCGC	17-TTGCGCATGCGC	9.590634	-43.931328	0	T:253.0(2.02%),B:407.3(1.09%),P:1e-19	Tpos:100.2,Tstd:52.7,Bpos:93.8,Bstd:55.6,StrandBias:0.0,Multiplicity:1.14
0.075	0.187	0.213	0.525
0.032	0.075	0.187	0.706
0.032	0.039	0.914	0.015
0.069	0.875	0.041	0.015
0.025	0.034	0.926	0.015
0.015	0.950	0.015	0.020
0.727	0.079	0.094	0.100
0.076	0.113	0.117	0.694
0.010	0.013	0.962	0.015
0.010	0.931	0.051	0.008
0.010	0.055	0.868	0.067
0.020	0.923	0.020	0.037
>CTCCTCCCCTTT	18-CTCCTCCCCTTT	12.520691	-43.318438	0	T:20.0(0.16%),B:3.8(0.01%),P:1e-18	Tpos:82.1,Tstd:46.4,Bpos:99.6,Bstd:50.9,StrandBias:0.2,Multiplicity:1.00
0.368	0.630	0.001	0.001
0.001	0.001	0.001	0.997
0.001	0.826	0.001	0.172
0.001	0.826	0.172	0.001
0.001	0.379	0.001	0.619
0.196	0.780	0.023	0.001
0.001	0.788	0.210	0.001
0.001	0.997	0.001	0.001
0.024	0.775	0.177	0.024
0.001	0.047	0.196	0.756
0.172	0.001	0.001	0.826
0.172	0.001	0.001	0.826
>CGGAATTARCCC	19-CGGAATTARCCC	11.862849	-43.318438	0	T:20.0(0.16%),B:3.9(0.01%),P:1e-18	Tpos:109.3,Tstd:56.0,Bpos:47.6,Bstd:29.2,StrandBias:0.3,Multiplicity:1.00
0.001	0.906	0.001	0.092
0.092	0.001	0.906	0.001
0.001	0.001	0.997	0.001
0.997	0.001	0.001	0.001
0.814	0.184	0.001	0.001
0.001	0.092	0.296	0.611
0.092	0.001	0.185	0.722
0.981	0.017	0.001	0.001
0.425	0.092	0.481	0.001
0.001	0.997	0.001	0.001
0.001	0.997	0.001	0.001
0.001	0.997	0.001	0.001
>GGAAGGCGCGAC	20-GGAAGGCGCGAC	12.903779	-41.518957	0	T:26.0(0.21%),B:7.4(0.02%),P:1e-18	Tpos:94.2,Tstd:53.7,Bpos:90.6,Bstd:18.6,StrandBias:0.4,Multiplicity:1.00
0.001	0.001	0.997	0.001
0.001	0.177	0.821	0.001
0.595	0.001	0.403	0.001
0.997	0.001	0.001	0.001
0.148	0.001	0.850	0.001
0.001	0.001	0.997	0.001
0.001	0.997	0.001	0.001
0.001	0.001	0.997	0.001
0.147	0.472	0.233	0.147
0.001	0.001	0.821	0.177
0.997	0.001	0.001	0.001
0.001	0.703	0.001	0.295
>ACTAGGGTGGAG	21-ACTAGGGTGGAG	10.549471	-41.451339	0	T:74.0(0.59%),B:65.4(0.17%),P:1e-18	Tpos:101.3,Tstd:48.7,Bpos:99.7,Bstd:53.0,StrandBias:0.4,Multiplicity:1.00
0.673	0.078	0.135	0.114
0.059	0.853	0.051	0.037
0.103	0.056	0.029	0.812
0.796	0.029	0.098	0.077
0.055	0.029	0.894	0.022
0.044	0.029	0.898	0.029
0.073	0.076	0.822	0.029
0.092	0.051	0.051	0.806
0.048	0.015	0.886	0.051
0.022	0.037	0.904	0.037
0.784	0.044	0.113	0.059
0.025	0.044	0.880	0.051
>GGGGCGGAACTA	22-GGGGCGGAACTA	12.572360	-41.052306	0	T:17.0(0.14%),B:2.2(0.01%),P:1e-17	Tpos:85.6,Tstd:62.3,Bpos:53.9,Bstd:16.4,StrandBias:-1.3,Multiplicity:1.00
0.001	0.001	0.997	0.001
0.172	0.001	0.826	0.001
0.001	0.001	0.997	0.001
0.172	0.001	0.826	0.001
0.001	0.997	0.001	0.001
0.001	0.001	0.975	0.023
0.001	0.001	0.997	0.001
0.826	0.001	0.001	0.172
0.997	0.001	0.001	0.001
0.001	0.826	0.172	0.001
0.001	0.001	0.060	0.938
0.786	0.172	0.001	0.041
>GTGATAACAAGG	23-GTGATAACAAGG	13.156502	-37.161165	0	T:13.0(0.10%),B:0.0(0.00%),P:1e-16	Tpos:121.2,Tstd:56.4,Bpos:0.0,Bstd:0.0,StrandBias:-0.7,Multiplicity:1.00
0.081	0.081	0.837	0.001
0.001	0.001	0.001	0.997
0.001	0.001	0.997	0.001
0.997	0.001	0.001	0.001
0.001	0.001	0.345	0.653
0.917	0.001	0.081	0.001
0.997	0.001	0.001	0.001
0.001	0.917	0.081	0.001
0.917	0.081	0.001	0.001
0.997	0.001	0.001	0.001
0.001	0.001	0.917	0.081
0.081	0.001	0.917	0.001
>ACCAGCTGTAGT	24-ACCAGCTGTAGT	9.458836	-34.861629	0	T:122.0(0.98%),B:161.3(0.43%),P:1e-15	Tpos:95.6,Tstd:51.9,Bpos:97.2,Bstd:53.9,StrandBias:0.6,Multiplicity:1.00
0.769	0.085	0.104	0.042
0.032	0.807	0.078	0.083
0.062	0.896	0.021	0.021
0.876	0.010	0.062	0.052
0.072	0.058	0.787	0.083
0.031	0.907	0.041	0.021
0.072	0.021	0.041	0.866
0.062	0.093	0.752	0.093
0.079	0.055	0.084	0.782
0.801	0.052	0.085	0.062
0.021	0.088	0.839	0.052
0.073	0.021	0.042	0.864
>GGGAATTGTAGT	25-GGGAATTGTAGT	11.978715	-34.619691	0	T:89.0(0.71%),B:100.1(0.27%),P:1e-15	Tpos:100.6,Tstd:51.9,Bpos:87.0,Bstd:60.1,StrandBias:0.1,Multiplicity:1.08
0.001	0.001	0.997	0.001
0.001	0.001	0.971	0.027
0.027	0.001	0.971	0.001
0.971	0.001	0.001	0.027
0.638	0.087	0.233	0.042
0.141	0.069	0.076	0.714
0.001	0.001	0.001	0.997
0.001	0.001	0.997	0.001
0.001	0.069	0.069	0.861
0.997	0.001	0.001	0.001
0.001	0.001	0.997	0.001
0.001	0.001	0.001	0.997
